Hello World!
gamma
   21.0778   11.9364    6.2264    4.2227
   11.9364   16.9990   10.9735    6.2264
    6.2264   10.9735   16.9990   11.9364
    4.2227    6.2264   11.9364   21.0778
Overlap
   1.0000e+00            0            0   4.6382e-01   4.8501e-01            0            0   9.7547e-02   7.2952e-02   7.3985e-03
            0   1.0000e+00            0            0            0   2.9737e-01            0            0            0            0
            0            0   1.0000e+00            0            0            0   2.9737e-01            0            0            0
   4.6382e-01            0            0   1.0000e+00   6.9578e-17            0            0  -3.1207e-01  -4.5219e-01  -9.7547e-02
   4.8501e-01            0            0   6.9578e-17   1.0000e+00            0            0   4.5219e-01   4.6629e-01   7.2952e-02
            0   2.9737e-01            0            0            0   1.0000e+00            0            0            0            0
            0            0   2.9737e-01            0            0            0   1.0000e+00            0            0            0
   9.7547e-02            0            0  -3.1207e-01   4.5219e-01            0            0   1.0000e+00   8.9564e-17  -4.6382e-01
   7.2952e-02            0            0  -4.5219e-01   4.6629e-01            0            0   8.9564e-17   1.0000e+00   4.8501e-01
   7.3985e-03            0            0  -9.7547e-02   7.2952e-02            0            0  -4.6382e-01   4.8501e-01   1.0000e+00
H_core
  -9.4589e+01            0            0  -6.9573e+00  -7.2752e+00            0            0  -1.4632e+00  -1.0943e+00  -6.6587e-02
            0  -1.2713e+02            0            0            0  -6.2448e+00            0            0            0            0
            0            0  -1.2713e+02            0            0            0  -6.2448e+00            0            0            0
  -6.9573e+00            0            0  -1.2713e+02  -1.4611e-15            0            0   6.5535e+00   9.4959e+00   1.4632e+00
  -7.2752e+00            0            0  -1.4611e-15  -1.3560e+02            0            0  -9.4959e+00  -9.7920e+00  -1.0943e+00
            0  -6.2448e+00            0            0            0  -1.2713e+02            0            0            0            0
            0            0  -6.2448e+00            0            0            0  -1.2713e+02            0            0            0
  -1.4632e+00            0            0   6.5535e+00  -9.4959e+00            0            0  -1.2713e+02  -1.8808e-15   6.9573e+00
  -1.0943e+00            0            0   9.4959e+00  -9.7920e+00            0            0  -1.8808e-15  -1.3560e+02  -7.2752e+00
  -6.6587e-02            0            0   1.4632e+00  -1.0943e+00            0            0   6.9573e+00  -7.2752e+00  -9.4589e+01
p = 5 q = 5
Iteration: 0
Fa
  -9.4589e+01            0            0  -6.9573e+00  -7.2752e+00            0            0  -1.4632e+00  -1.0943e+00  -6.6587e-02
            0  -1.2713e+02            0            0            0  -6.2448e+00            0            0            0            0
            0            0  -1.2713e+02            0            0            0  -6.2448e+00            0            0            0
  -6.9573e+00            0            0  -1.2713e+02  -1.4611e-15            0            0   6.5535e+00   9.4959e+00   1.4632e+00
  -7.2752e+00            0            0  -1.4611e-15  -1.3560e+02            0            0  -9.4959e+00  -9.7920e+00  -1.0943e+00
            0  -6.2448e+00            0            0            0  -1.2713e+02            0            0            0            0
            0            0  -6.2448e+00            0            0            0  -1.2713e+02            0            0            0
  -1.4632e+00            0            0   6.5535e+00  -9.4959e+00            0            0  -1.2713e+02  -1.8808e-15   6.9573e+00
  -1.0943e+00            0            0   9.4959e+00  -9.7920e+00            0            0  -1.8808e-15  -1.3560e+02  -7.2752e+00
  -6.6587e-02            0            0   1.4632e+00  -1.0943e+00            0            0   6.9573e+00  -7.2752e+00  -9.4589e+01
Fb
  -9.4589e+01            0            0  -6.9573e+00  -7.2752e+00            0            0  -1.4632e+00  -1.0943e+00  -6.6587e-02
            0  -1.2713e+02            0            0            0  -6.2448e+00            0            0            0            0
            0            0  -1.2713e+02            0            0            0  -6.2448e+00            0            0            0
  -6.9573e+00            0            0  -1.2713e+02  -1.4611e-15            0            0   6.5535e+00   9.4959e+00   1.4632e+00
  -7.2752e+00            0            0  -1.4611e-15  -1.3560e+02            0            0  -9.4959e+00  -9.7920e+00  -1.0943e+00
            0  -6.2448e+00            0            0            0  -1.2713e+02            0            0            0            0
            0            0  -6.2448e+00            0            0            0  -1.2713e+02            0            0            0
  -1.4632e+00            0            0   6.5535e+00  -9.4959e+00            0            0  -1.2713e+02  -1.8808e-15   6.9573e+00
  -1.0943e+00            0            0   9.4959e+00  -9.7920e+00            0            0  -1.8808e-15  -1.3560e+02  -7.2752e+00
  -6.6587e-02            0            0   1.4632e+00  -1.0943e+00            0            0   6.9573e+00  -7.2752e+00  -9.4589e+01
Ca
  -6.1545e-02  -1.6933e-01  -1.1456e-15   5.7977e-16  -1.6505e-01  -4.8515e-16  -6.9043e-17  -8.4964e-02  -6.8481e-01   6.8126e-01
   4.2512e-17   3.6224e-15   5.4611e-01   4.4918e-01  -5.4046e-15  -6.8827e-01  -1.6212e-01   8.5590e-16   9.7621e-17  -9.1396e-17
  -2.0307e-16   6.4043e-16   4.4918e-01  -5.4611e-01  -6.1163e-15  -1.6212e-01   6.8827e-01   2.0115e-15  -2.5022e-19   8.0440e-18
   3.2207e-01  -4.3364e-01  -3.9178e-15   2.5388e-15  -6.1796e-01   2.7128e-16   1.2403e-15  -5.3075e-01   1.1999e-01  -1.7397e-01
  -6.2649e-01  -5.3225e-01   8.2956e-16   2.0249e-15  -3.0147e-01   2.5989e-15  -2.0081e-15   4.5944e-01   1.2896e-01  -7.4991e-02
   1.6653e-16   4.8850e-15   5.4611e-01   4.4918e-01  -2.8866e-15   6.8827e-01   1.6212e-01  -1.8041e-15  -6.6613e-16   5.5511e-16
  -7.7716e-16   8.8818e-16   4.4918e-01  -5.4611e-01  -3.2474e-15   1.6212e-01  -6.8827e-01  -4.3299e-15            0  -8.3267e-17
  -3.2207e-01  -4.3364e-01   6.7832e-15   1.0855e-15   6.1796e-01  -2.4755e-15   3.2010e-15  -5.3075e-01  -1.1999e-01  -1.7397e-01
  -6.2649e-01   5.3225e-01  -6.4453e-15  -3.5832e-16  -3.0147e-01  -1.1625e-15   1.6337e-15  -4.5944e-01   1.2896e-01   7.4991e-02
  -6.1545e-02   1.6933e-01  -2.2568e-15  -2.9962e-16  -1.6505e-01   4.2523e-16  -5.4777e-16   8.4964e-02  -6.8481e-01  -6.8126e-01
Cb
  -6.1545e-02  -1.6933e-01  -1.1456e-15   5.7977e-16  -1.6505e-01  -4.8515e-16  -6.9043e-17  -8.4964e-02  -6.8481e-01   6.8126e-01
   4.2512e-17   3.6224e-15   5.4611e-01   4.4918e-01  -5.4046e-15  -6.8827e-01  -1.6212e-01   8.5590e-16   9.7621e-17  -9.1396e-17
  -2.0307e-16   6.4043e-16   4.4918e-01  -5.4611e-01  -6.1163e-15  -1.6212e-01   6.8827e-01   2.0115e-15  -2.5022e-19   8.0440e-18
   3.2207e-01  -4.3364e-01  -3.9178e-15   2.5388e-15  -6.1796e-01   2.7128e-16   1.2403e-15  -5.3075e-01   1.1999e-01  -1.7397e-01
  -6.2649e-01  -5.3225e-01   8.2956e-16   2.0249e-15  -3.0147e-01   2.5989e-15  -2.0081e-15   4.5944e-01   1.2896e-01  -7.4991e-02
   1.6653e-16   4.8850e-15   5.4611e-01   4.4918e-01  -2.8866e-15   6.8827e-01   1.6212e-01  -1.8041e-15  -6.6613e-16   5.5511e-16
  -7.7716e-16   8.8818e-16   4.4918e-01  -5.4611e-01  -3.2474e-15   1.6212e-01  -6.8827e-01  -4.3299e-15            0  -8.3267e-17
  -3.2207e-01  -4.3364e-01   6.7832e-15   1.0855e-15   6.1796e-01  -2.4755e-15   3.2010e-15  -5.3075e-01  -1.1999e-01  -1.7397e-01
  -6.2649e-01   5.3225e-01  -6.4453e-15  -3.5832e-16  -3.0147e-01  -1.1625e-15   1.6337e-15  -4.5944e-01   1.2896e-01   7.4991e-02
  -6.1545e-02   1.6933e-01  -2.2568e-15  -2.9962e-16  -1.6505e-01   4.2523e-16  -5.4777e-16   8.4964e-02  -6.8481e-01  -6.8126e-01
Ea
  -1.5110e+02
  -1.3552e+02
  -1.3337e+02
  -1.3337e+02
  -1.3051e+02
  -1.2088e+02
  -1.2088e+02
  -1.1370e+02
  -9.2117e+01
  -9.1692e+01
Eb
  -1.5110e+02
  -1.3552e+02
  -1.3337e+02
  -1.3337e+02
  -1.3051e+02
  -1.2088e+02
  -1.2088e+02
  -1.1370e+02
  -9.2117e+01
  -9.1692e+01
Pa_old
        0        0        0        0        0        0        0        0        0        0
        0        0        0        0        0        0        0        0        0        0
        0        0        0        0        0        0        0        0        0        0
        0        0        0        0        0        0        0        0        0        0
        0        0        0        0        0        0        0        0        0        0
        0        0        0        0        0        0        0        0        0        0
        0        0        0        0        0        0        0        0        0        0
        0        0        0        0        0        0        0        0        0        0
        0        0        0        0        0        0        0        0        0        0
        0        0        0        0        0        0        0        0        0        0
Pb_old
        0        0        0        0        0        0        0        0        0        0
        0        0        0        0        0        0        0        0        0        0
        0        0        0        0        0        0        0        0        0        0
        0        0        0        0        0        0        0        0        0        0
        0        0        0        0        0        0        0        0        0        0
        0        0        0        0        0        0        0        0        0        0
        0        0        0        0        0        0        0        0        0        0
        0        0        0        0        0        0        0        0        0        0
        0        0        0        0        0        0        0        0        0        0
        0        0        0        0        0        0        0        0        0        0
Pa_new
   5.9701e-02  -8.9189e-17   8.2327e-17   1.5560e-01   1.7844e-01  -7.2622e-16  -3.9780e-16  -8.7446e-03  -1.8100e-03   2.3567e-03
  -8.9189e-17   5.0000e-01   1.0825e-15   7.8357e-16   1.0373e-15   5.0000e-01   6.1062e-16  -7.3233e-16  -1.5011e-16   1.3574e-16
   8.2327e-17   1.0825e-15   5.0000e-01   2.9025e-16   8.9707e-16   5.2736e-16   5.0000e-01  -1.5379e-15  -3.8744e-16   2.8036e-16
   1.5560e-01   7.8357e-16   2.9025e-16   6.7364e-01   2.1533e-01  -1.2801e-15  -1.7750e-15  -2.9756e-01  -2.4628e-01   8.7446e-03
   1.7844e-01   1.0373e-15   8.9707e-16   2.1533e-01   7.6666e-01  -4.7157e-16   2.5996e-16   2.4628e-01   2.0008e-01  -1.8100e-03
  -7.2622e-16   5.0000e-01   5.2736e-16  -1.2801e-15  -4.7157e-16   5.0000e-01   1.1102e-16   2.3626e-16  -3.1490e-16  -7.3692e-17
  -3.9780e-16   6.1062e-16   5.0000e-01  -1.7750e-15   2.5996e-16   1.1102e-16   5.0000e-01   3.1247e-16  -7.6082e-16  -1.1587e-16
  -8.7446e-03  -7.3233e-16  -1.5379e-15  -2.9756e-01   2.4628e-01   2.3626e-16   3.1247e-16   6.7364e-01  -2.1533e-01  -1.5560e-01
  -1.8100e-03  -1.5011e-16  -3.8744e-16  -2.4628e-01   2.0008e-01  -3.1490e-16  -7.6082e-16  -2.1533e-01   7.6666e-01   1.7844e-01
   2.3567e-03   1.3574e-16   2.8036e-16   8.7446e-03  -1.8100e-03  -7.3692e-17  -1.1587e-16  -1.5560e-01   1.7844e-01   5.9701e-02
Pb_new
   5.9701e-02  -8.9189e-17   8.2327e-17   1.5560e-01   1.7844e-01  -7.2622e-16  -3.9780e-16  -8.7446e-03  -1.8100e-03   2.3567e-03
  -8.9189e-17   5.0000e-01   1.0825e-15   7.8357e-16   1.0373e-15   5.0000e-01   6.1062e-16  -7.3233e-16  -1.5011e-16   1.3574e-16
   8.2327e-17   1.0825e-15   5.0000e-01   2.9025e-16   8.9707e-16   5.2736e-16   5.0000e-01  -1.5379e-15  -3.8744e-16   2.8036e-16
   1.5560e-01   7.8357e-16   2.9025e-16   6.7364e-01   2.1533e-01  -1.2801e-15  -1.7750e-15  -2.9756e-01  -2.4628e-01   8.7446e-03
   1.7844e-01   1.0373e-15   8.9707e-16   2.1533e-01   7.6666e-01  -4.7157e-16   2.5996e-16   2.4628e-01   2.0008e-01  -1.8100e-03
  -7.2622e-16   5.0000e-01   5.2736e-16  -1.2801e-15  -4.7157e-16   5.0000e-01   1.1102e-16   2.3626e-16  -3.1490e-16  -7.3692e-17
  -3.9780e-16   6.1062e-16   5.0000e-01  -1.7750e-15   2.5996e-16   1.1102e-16   5.0000e-01   3.1247e-16  -7.6082e-16  -1.1587e-16
  -8.7446e-03  -7.3233e-16  -1.5379e-15  -2.9756e-01   2.4628e-01   2.3626e-16   3.1247e-16   6.7364e-01  -2.1533e-01  -1.5560e-01
  -1.8100e-03  -1.5011e-16  -3.8744e-16  -2.4628e-01   2.0008e-01  -3.1490e-16  -7.6082e-16  -2.1533e-01   7.6666e-01   1.7844e-01
   2.3567e-03   1.3574e-16   2.8036e-16   8.7446e-03  -1.8100e-03  -7.3692e-17  -1.1587e-16  -1.5560e-01   1.7844e-01   5.9701e-02
P_t
   0.1194
   4.8806
   4.8806
   0.1194
Ga
        0        0        0        0        0        0        0        0        0        0
        0        0        0        0        0        0        0        0        0        0
        0        0        0        0        0        0        0        0        0        0
        0        0        0        0        0        0        0        0        0        0
        0        0        0        0        0        0        0        0        0        0
        0        0        0        0        0        0        0        0        0        0
        0        0        0        0        0        0        0        0        0        0
        0        0        0        0        0        0        0        0        0        0
        0        0        0        0        0        0        0        0        0        0
        0        0        0        0        0        0        0        0        0        0
Gb
        0        0        0        0        0        0        0        0        0        0
        0        0        0        0        0        0        0        0        0        0
        0        0        0        0        0        0        0        0        0        0
        0        0        0        0        0        0        0        0        0        0
        0        0        0        0        0        0        0        0        0        0
        0        0        0        0        0        0        0        0        0        0
        0        0        0        0        0        0        0        0        0        0
        0        0        0        0        0        0        0        0        0        0
        0        0        0        0        0        0        0        0        0        0
        0        0        0        0        0        0        0        0        0        0
Iteration: 1
Fa
  -4.1808e+00   1.0646e-15  -9.8269e-16  -8.8146e+00  -9.4051e+00   4.5217e-15   2.4769e-15  -1.4088e+00  -1.0830e+00  -7.6539e-02
   1.0646e-15   3.0663e+00  -1.8401e-14  -1.3320e-14  -1.7633e-14  -1.1732e+01  -6.7007e-15   8.0362e-15   1.6473e-15  -8.4518e-16
  -9.8269e-16  -1.8401e-14   3.0663e+00  -4.9339e-15  -1.5249e-14  -5.7869e-15  -1.1732e+01   1.6876e-14   4.2516e-15  -1.7456e-15
  -8.8146e+00  -1.3320e-14  -4.9339e-15   1.1461e-01  -3.6603e+00   1.4047e-14   1.9478e-14   9.8188e+00   1.2198e+01   1.4088e+00
  -9.4051e+00  -1.7633e-14  -1.5249e-14  -3.6603e+00  -9.9456e+00   5.1748e-15  -2.8527e-15  -1.2198e+01  -1.1988e+01  -1.0830e+00
   4.5217e-15  -1.1732e+01  -5.7869e-15   1.4047e-14   5.1748e-15   3.0663e+00  -1.8873e-15  -4.0161e-15   5.3530e-15   8.7962e-16
   2.4769e-15  -6.7007e-15  -1.1732e+01   1.9478e-14  -2.8527e-15  -1.8873e-15   3.0663e+00  -5.3116e-15   1.2933e-14   1.3831e-15
  -1.4088e+00   8.0362e-15   1.6876e-14   9.8188e+00  -1.2198e+01  -4.0161e-15  -5.3116e-15   1.1461e-01   3.6603e+00   8.8146e+00
  -1.0830e+00   1.6473e-15   4.2516e-15   1.2198e+01  -1.1988e+01   5.3530e-15   1.2933e-14   3.6603e+00  -9.9456e+00  -9.4051e+00
  -7.6539e-02  -8.4518e-16  -1.7456e-15   1.4088e+00  -1.0830e+00   8.7962e-16   1.3831e-15   8.8146e+00  -9.4051e+00  -4.1808e+00
Fb
  -4.1808e+00   1.0646e-15  -9.8269e-16  -8.8146e+00  -9.4051e+00   4.5217e-15   2.4769e-15  -1.4088e+00  -1.0830e+00  -7.6539e-02
   1.0646e-15   3.0663e+00  -1.8401e-14  -1.3320e-14  -1.7633e-14  -1.1732e+01  -6.7007e-15   8.0362e-15   1.6473e-15  -8.4518e-16
  -9.8269e-16  -1.8401e-14   3.0663e+00  -4.9339e-15  -1.5249e-14  -5.7869e-15  -1.1732e+01   1.6876e-14   4.2516e-15  -1.7456e-15
  -8.8146e+00  -1.3320e-14  -4.9339e-15   1.1461e-01  -3.6603e+00   1.4047e-14   1.9478e-14   9.8188e+00   1.2198e+01   1.4088e+00
  -9.4051e+00  -1.7633e-14  -1.5249e-14  -3.6603e+00  -9.9456e+00   5.1748e-15  -2.8527e-15  -1.2198e+01  -1.1988e+01  -1.0830e+00
   4.5217e-15  -1.1732e+01  -5.7869e-15   1.4047e-14   5.1748e-15   3.0663e+00  -1.8873e-15  -4.0161e-15   5.3530e-15   8.7962e-16
   2.4769e-15  -6.7007e-15  -1.1732e+01   1.9478e-14  -2.8527e-15  -1.8873e-15   3.0663e+00  -5.3116e-15   1.2933e-14   1.3831e-15
  -1.4088e+00   8.0362e-15   1.6876e-14   9.8188e+00  -1.2198e+01  -4.0161e-15  -5.3116e-15   1.1461e-01   3.6603e+00   8.8146e+00
  -1.0830e+00   1.6473e-15   4.2516e-15   1.2198e+01  -1.1988e+01   5.3530e-15   1.2933e-14   3.6603e+00  -9.9456e+00  -9.4051e+00
  -7.6539e-02  -8.4518e-16  -1.7456e-15   1.4088e+00  -1.0830e+00   8.7962e-16   1.3831e-15   8.8146e+00  -9.4051e+00  -4.1808e+00
Ca
   2.1549e-01   4.3861e-01   4.3018e-01   6.2828e-16   2.0162e-16   5.4663e-01   5.1818e-01   1.1644e-15   4.2124e-16   9.3903e-02
   1.9676e-16   4.7290e-16   5.3657e-16  -5.4573e-01  -4.4964e-01  -1.1725e-16  -1.0759e-15   3.2290e-01   6.2908e-01  -6.9196e-17
   8.3861e-17   2.3121e-16   3.6181e-16  -4.4964e-01   5.4573e-01   2.4207e-16  -1.3664e-15   6.2908e-01  -3.2290e-01  -4.6794e-16
  -2.0877e-01   3.6469e-01   5.5992e-01   2.8994e-16  -6.7826e-17  -1.9404e-01  -3.7802e-01  -1.6670e-15  -4.5267e-16  -5.7389e-01
   6.4030e-01   4.1788e-01   3.7783e-02  -2.3951e-16   4.2203e-17  -4.0441e-01  -2.9764e-01  -1.0134e-15  -6.9132e-16   4.0229e-01
  -2.7623e-17   4.7998e-17  -2.6962e-16  -5.4573e-01  -4.4964e-01   8.1779e-16   1.5111e-15  -3.2290e-01  -6.2908e-01  -2.7343e-16
   4.5198e-17   1.4454e-16  -5.7405e-16  -4.4964e-01   5.4573e-01   4.1908e-16   1.3646e-15  -6.2908e-01   3.2290e-01  -4.5703e-16
   2.0877e-01   3.6469e-01  -5.5992e-01   4.8513e-16  -2.4196e-16  -1.9404e-01   3.7802e-01   1.3240e-15   2.5979e-16  -5.7389e-01
   6.4030e-01  -4.1788e-01   3.7783e-02   3.3817e-16  -1.7221e-16   4.0441e-01  -2.9764e-01  -6.3150e-16   8.5127e-17  -4.0229e-01
   2.1549e-01  -4.3861e-01   4.3018e-01  -4.1470e-16   1.9694e-16  -5.4663e-01   5.1818e-01   7.2423e-16   7.8682e-17  -9.3903e-02
Cb
   2.1549e-01   4.3861e-01   4.3018e-01   6.2828e-16   2.0162e-16   5.4663e-01   5.1818e-01   1.1644e-15   4.2124e-16   9.3903e-02
   1.9676e-16   4.7290e-16   5.3657e-16  -5.4573e-01  -4.4964e-01  -1.1725e-16  -1.0759e-15   3.2290e-01   6.2908e-01  -6.9196e-17
   8.3861e-17   2.3121e-16   3.6181e-16  -4.4964e-01   5.4573e-01   2.4207e-16  -1.3664e-15   6.2908e-01  -3.2290e-01  -4.6794e-16
  -2.0877e-01   3.6469e-01   5.5992e-01   2.8994e-16  -6.7826e-17  -1.9404e-01  -3.7802e-01  -1.6670e-15  -4.5267e-16  -5.7389e-01
   6.4030e-01   4.1788e-01   3.7783e-02  -2.3951e-16   4.2203e-17  -4.0441e-01  -2.9764e-01  -1.0134e-15  -6.9132e-16   4.0229e-01
  -2.7623e-17   4.7998e-17  -2.6962e-16  -5.4573e-01  -4.4964e-01   8.1779e-16   1.5111e-15  -3.2290e-01  -6.2908e-01  -2.7343e-16
   4.5198e-17   1.4454e-16  -5.7405e-16  -4.4964e-01   5.4573e-01   4.1908e-16   1.3646e-15  -6.2908e-01   3.2290e-01  -4.5703e-16
   2.0877e-01   3.6469e-01  -5.5992e-01   4.8513e-16  -2.4196e-16  -1.9404e-01   3.7802e-01   1.3240e-15   2.5979e-16  -5.7389e-01
   6.4030e-01  -4.1788e-01   3.7783e-02   3.3817e-16  -1.7221e-16   4.0441e-01  -2.9764e-01  -6.3150e-16   8.5127e-17  -4.0229e-01
   2.1549e-01  -4.3861e-01   4.3018e-01  -4.1470e-16   1.9694e-16  -5.4663e-01   5.1818e-01   7.2423e-16   7.8682e-17  -9.3903e-02
Ea
  -28.2467
  -20.5334
  -14.8179
   -8.6652
   -8.6652
    5.6816
    7.1698
   14.7979
   14.7979
   22.7230
Eb
  -28.2467
  -20.5334
  -14.8179
   -8.6652
   -8.6652
    5.6816
    7.1698
   14.7979
   14.7979
   22.7230
Pa_old
   5.9701e-02  -8.9189e-17   8.2327e-17   1.5560e-01   1.7844e-01  -7.2622e-16  -3.9780e-16  -8.7446e-03  -1.8100e-03   2.3567e-03
  -8.9189e-17   5.0000e-01   1.0825e-15   7.8357e-16   1.0373e-15   5.0000e-01   6.1062e-16  -7.3233e-16  -1.5011e-16   1.3574e-16
   8.2327e-17   1.0825e-15   5.0000e-01   2.9025e-16   8.9707e-16   5.2736e-16   5.0000e-01  -1.5379e-15  -3.8744e-16   2.8036e-16
   1.5560e-01   7.8357e-16   2.9025e-16   6.7364e-01   2.1533e-01  -1.2801e-15  -1.7750e-15  -2.9756e-01  -2.4628e-01   8.7446e-03
   1.7844e-01   1.0373e-15   8.9707e-16   2.1533e-01   7.6666e-01  -4.7157e-16   2.5996e-16   2.4628e-01   2.0008e-01  -1.8100e-03
  -7.2622e-16   5.0000e-01   5.2736e-16  -1.2801e-15  -4.7157e-16   5.0000e-01   1.1102e-16   2.3626e-16  -3.1490e-16  -7.3692e-17
  -3.9780e-16   6.1062e-16   5.0000e-01  -1.7750e-15   2.5996e-16   1.1102e-16   5.0000e-01   3.1247e-16  -7.6082e-16  -1.1587e-16
  -8.7446e-03  -7.3233e-16  -1.5379e-15  -2.9756e-01   2.4628e-01   2.3626e-16   3.1247e-16   6.7364e-01  -2.1533e-01  -1.5560e-01
  -1.8100e-03  -1.5011e-16  -3.8744e-16  -2.4628e-01   2.0008e-01  -3.1490e-16  -7.6082e-16  -2.1533e-01   7.6666e-01   1.7844e-01
   2.3567e-03   1.3574e-16   2.8036e-16   8.7446e-03  -1.8100e-03  -7.3692e-17  -1.1587e-16  -1.5560e-01   1.7844e-01   5.9701e-02
Pb_old
   5.9701e-02  -8.9189e-17   8.2327e-17   1.5560e-01   1.7844e-01  -7.2622e-16  -3.9780e-16  -8.7446e-03  -1.8100e-03   2.3567e-03
  -8.9189e-17   5.0000e-01   1.0825e-15   7.8357e-16   1.0373e-15   5.0000e-01   6.1062e-16  -7.3233e-16  -1.5011e-16   1.3574e-16
   8.2327e-17   1.0825e-15   5.0000e-01   2.9025e-16   8.9707e-16   5.2736e-16   5.0000e-01  -1.5379e-15  -3.8744e-16   2.8036e-16
   1.5560e-01   7.8357e-16   2.9025e-16   6.7364e-01   2.1533e-01  -1.2801e-15  -1.7750e-15  -2.9756e-01  -2.4628e-01   8.7446e-03
   1.7844e-01   1.0373e-15   8.9707e-16   2.1533e-01   7.6666e-01  -4.7157e-16   2.5996e-16   2.4628e-01   2.0008e-01  -1.8100e-03
  -7.2622e-16   5.0000e-01   5.2736e-16  -1.2801e-15  -4.7157e-16   5.0000e-01   1.1102e-16   2.3626e-16  -3.1490e-16  -7.3692e-17
  -3.9780e-16   6.1062e-16   5.0000e-01  -1.7750e-15   2.5996e-16   1.1102e-16   5.0000e-01   3.1247e-16  -7.6082e-16  -1.1587e-16
  -8.7446e-03  -7.3233e-16  -1.5379e-15  -2.9756e-01   2.4628e-01   2.3626e-16   3.1247e-16   6.7364e-01  -2.1533e-01  -1.5560e-01
  -1.8100e-03  -1.5011e-16  -3.8744e-16  -2.4628e-01   2.0008e-01  -3.1490e-16  -7.6082e-16  -2.1533e-01   7.6666e-01   1.7844e-01
   2.3567e-03   1.3574e-16   2.8036e-16   8.7446e-03  -1.8100e-03  -7.3692e-17  -1.1587e-16  -1.5560e-01   1.7844e-01   5.9701e-02
Pa_new
   4.2387e-01   4.7112e-17   1.0265e-16   3.5584e-01   3.3752e-01  -5.3442e-16  -3.4629e-16  -3.5925e-02  -2.9053e-02   3.9115e-02
   4.7112e-17   5.0000e-01   4.8205e-16   3.0409e-16   4.5560e-16   5.0000e-01   1.6555e-16  -2.4285e-16  -1.5847e-16   2.0357e-16
   1.0265e-16   4.8205e-16   5.0000e-01   1.0202e-16   2.9471e-16   1.2072e-16   5.0000e-01  -4.5094e-16  -2.7528e-16   3.6625e-16
   3.5584e-01   3.0409e-16   1.0202e-16   4.9010e-01   3.9880e-02  -2.5542e-16  -4.4553e-16  -2.2410e-01  -2.6491e-01   3.5925e-02
   3.3752e-01   4.5560e-16   2.9471e-16   3.9880e-02   5.8603e-01   1.0392e-16   1.9838e-16   2.6491e-01   2.3679e-01  -2.9053e-02
  -5.3442e-16   5.0000e-01   1.2072e-16  -2.5542e-16   1.0392e-16   5.0000e-01  -1.6802e-16   6.7510e-18  -1.5505e-16  -5.2318e-18
  -3.4629e-16   1.6555e-16   5.0000e-01  -4.4553e-16   1.9838e-16  -1.6802e-16   5.0000e-01   3.3396e-17  -2.9918e-16  -6.6632e-18
  -3.5925e-02  -2.4285e-16  -4.5094e-16  -2.2410e-01   2.6491e-01   6.7510e-18   3.3396e-17   4.9010e-01  -3.9880e-02  -3.5584e-01
  -2.9053e-02  -1.5847e-16  -2.7528e-16  -2.6491e-01   2.3679e-01  -1.5505e-16  -2.9918e-16  -3.9880e-02   5.8603e-01   3.3752e-01
   3.9115e-02   2.0357e-16   3.6625e-16   3.5925e-02  -2.9053e-02  -5.2318e-18  -6.6632e-18  -3.5584e-01   3.3752e-01   4.2387e-01
Pb_new
   4.2387e-01   4.7112e-17   1.0265e-16   3.5584e-01   3.3752e-01  -5.3442e-16  -3.4629e-16  -3.5925e-02  -2.9053e-02   3.9115e-02
   4.7112e-17   5.0000e-01   4.8205e-16   3.0409e-16   4.5560e-16   5.0000e-01   1.6555e-16  -2.4285e-16  -1.5847e-16   2.0357e-16
   1.0265e-16   4.8205e-16   5.0000e-01   1.0202e-16   2.9471e-16   1.2072e-16   5.0000e-01  -4.5094e-16  -2.7528e-16   3.6625e-16
   3.5584e-01   3.0409e-16   1.0202e-16   4.9010e-01   3.9880e-02  -2.5542e-16  -4.4553e-16  -2.2410e-01  -2.6491e-01   3.5925e-02
   3.3752e-01   4.5560e-16   2.9471e-16   3.9880e-02   5.8603e-01   1.0392e-16   1.9838e-16   2.6491e-01   2.3679e-01  -2.9053e-02
  -5.3442e-16   5.0000e-01   1.2072e-16  -2.5542e-16   1.0392e-16   5.0000e-01  -1.6802e-16   6.7510e-18  -1.5505e-16  -5.2318e-18
  -3.4629e-16   1.6555e-16   5.0000e-01  -4.4553e-16   1.9838e-16  -1.6802e-16   5.0000e-01   3.3396e-17  -2.9918e-16  -6.6632e-18
  -3.5925e-02  -2.4285e-16  -4.5094e-16  -2.2410e-01   2.6491e-01   6.7510e-18   3.3396e-17   4.9010e-01  -3.9880e-02  -3.5584e-01
  -2.9053e-02  -1.5847e-16  -2.7528e-16  -2.6491e-01   2.3679e-01  -1.5505e-16  -2.9918e-16  -3.9880e-02   5.8603e-01   3.3752e-01
   3.9115e-02   2.0357e-16   3.6625e-16   3.5925e-02  -2.9053e-02  -5.2318e-18  -6.6632e-18  -3.5584e-01   3.3752e-01   4.2387e-01
P_t
   0.8477
   4.1523
   4.1523
   0.8477
Ga
   9.0408e+01   1.0646e-15  -9.8269e-16  -1.8573e+00  -2.1299e+00   4.5217e-15   2.4769e-15   5.4448e-02   1.1270e-02  -9.9517e-03
   1.0646e-15   1.3019e+02  -1.8401e-14  -1.3320e-14  -1.7633e-14  -5.4867e+00  -6.7007e-15   8.0362e-15   1.6473e-15  -8.4518e-16
  -9.8269e-16  -1.8401e-14   1.3019e+02  -4.9339e-15  -1.5249e-14  -5.7869e-15  -5.4867e+00   1.6876e-14   4.2516e-15  -1.7456e-15
  -1.8573e+00  -1.3320e-14  -4.9339e-15   1.2724e+02  -3.6603e+00   1.4047e-14   1.9478e-14   3.2653e+00   2.7025e+00  -5.4448e-02
  -2.1299e+00  -1.7633e-14  -1.5249e-14  -3.6603e+00   1.2566e+02   5.1748e-15  -2.8527e-15  -2.7025e+00  -2.1956e+00   1.1270e-02
   4.5217e-15  -5.4867e+00  -5.7869e-15   1.4047e-14   5.1748e-15   1.3019e+02  -1.8873e-15  -4.0161e-15   5.3530e-15   8.7962e-16
   2.4769e-15  -6.7007e-15  -5.4867e+00   1.9478e-14  -2.8527e-15  -1.8873e-15   1.3019e+02  -5.3116e-15   1.2933e-14   1.3831e-15
   5.4448e-02   8.0362e-15   1.6876e-14   3.2653e+00  -2.7025e+00  -4.0161e-15  -5.3116e-15   1.2724e+02   3.6603e+00   1.8573e+00
   1.1270e-02   1.6473e-15   4.2516e-15   2.7025e+00  -2.1956e+00   5.3530e-15   1.2933e-14   3.6603e+00   1.2566e+02  -2.1299e+00
  -9.9517e-03  -8.4518e-16  -1.7456e-15  -5.4448e-02   1.1270e-02   8.7962e-16   1.3831e-15   1.8573e+00  -2.1299e+00   9.0408e+01
Gb
   9.0408e+01   1.0646e-15  -9.8269e-16  -1.8573e+00  -2.1299e+00   4.5217e-15   2.4769e-15   5.4448e-02   1.1270e-02  -9.9517e-03
   1.0646e-15   1.3019e+02  -1.8401e-14  -1.3320e-14  -1.7633e-14  -5.4867e+00  -6.7007e-15   8.0362e-15   1.6473e-15  -8.4518e-16
  -9.8269e-16  -1.8401e-14   1.3019e+02  -4.9339e-15  -1.5249e-14  -5.7869e-15  -5.4867e+00   1.6876e-14   4.2516e-15  -1.7456e-15
  -1.8573e+00  -1.3320e-14  -4.9339e-15   1.2724e+02  -3.6603e+00   1.4047e-14   1.9478e-14   3.2653e+00   2.7025e+00  -5.4448e-02
  -2.1299e+00  -1.7633e-14  -1.5249e-14  -3.6603e+00   1.2566e+02   5.1748e-15  -2.8527e-15  -2.7025e+00  -2.1956e+00   1.1270e-02
   4.5217e-15  -5.4867e+00  -5.7869e-15   1.4047e-14   5.1748e-15   1.3019e+02  -1.8873e-15  -4.0161e-15   5.3530e-15   8.7962e-16
   2.4769e-15  -6.7007e-15  -5.4867e+00   1.9478e-14  -2.8527e-15  -1.8873e-15   1.3019e+02  -5.3116e-15   1.2933e-14   1.3831e-15
   5.4448e-02   8.0362e-15   1.6876e-14   3.2653e+00  -2.7025e+00  -4.0161e-15  -5.3116e-15   1.2724e+02   3.6603e+00   1.8573e+00
   1.1270e-02   1.6473e-15   4.2516e-15   2.7025e+00  -2.1956e+00   5.3530e-15   1.2933e-14   3.6603e+00   1.2566e+02  -2.1299e+00
  -9.9517e-03  -8.4518e-16  -1.7456e-15  -5.4448e-02   1.1270e-02   8.7962e-16   1.3831e-15   1.8573e+00  -2.1299e+00   9.0408e+01
Iteration: 2
Fa
  -6.6581e+00  -5.6234e-16  -1.2253e-15  -1.1205e+01  -1.1304e+01   3.3275e-15   2.1561e-15  -1.2395e+00  -9.1339e-01  -2.3176e-01
  -5.6234e-16  -4.0784e+00  -8.1943e-15  -5.1693e-15  -7.7448e-15  -1.1732e+01  -1.8167e-15   2.6650e-15   1.7390e-15  -1.2675e-15
  -1.2253e-15  -8.1943e-15  -4.0784e+00  -1.7342e-15  -5.0098e-15  -1.3247e-15  -1.1732e+01   4.9484e-15   3.0208e-15  -2.2804e-15
  -1.1205e+01  -5.1693e-15  -1.7342e-15  -3.9101e+00  -6.7792e-01   2.8029e-15   4.8890e-15   9.0126e+00   1.2403e+01   1.2395e+00
  -1.1304e+01  -7.7448e-15  -5.0098e-15  -6.7792e-01  -1.4020e+01  -1.1403e-15  -2.1769e-15  -1.2403e+01  -1.2390e+01  -9.1339e-01
   3.3275e-15  -1.1732e+01  -1.3247e-15   2.8029e-15  -1.1403e-15  -4.0784e+00   2.8562e-15  -1.1476e-16   2.6357e-15   6.2449e-17
   2.1561e-15  -1.8167e-15  -1.1732e+01   4.8890e-15  -2.1769e-15   2.8562e-15  -4.0784e+00  -5.6769e-16   5.0858e-15   7.9534e-17
  -1.2395e+00   2.6650e-15   4.9484e-15   9.0126e+00  -1.2403e+01  -1.1476e-16  -5.6769e-16  -3.9101e+00   6.7792e-01   1.1205e+01
  -9.1339e-01   1.7390e-15   3.0208e-15   1.2403e+01  -1.2390e+01   2.6357e-15   5.0858e-15   6.7792e-01  -1.4020e+01  -1.1304e+01
  -2.3176e-01  -1.2675e-15  -2.2804e-15   1.2395e+00  -9.1339e-01   6.2449e-17   7.9534e-17   1.1205e+01  -1.1304e+01  -6.6581e+00
Fb
  -6.6581e+00  -5.6234e-16  -1.2253e-15  -1.1205e+01  -1.1304e+01   3.3275e-15   2.1561e-15  -1.2395e+00  -9.1339e-01  -2.3176e-01
  -5.6234e-16  -4.0784e+00  -8.1943e-15  -5.1693e-15  -7.7448e-15  -1.1732e+01  -1.8167e-15   2.6650e-15   1.7390e-15  -1.2675e-15
  -1.2253e-15  -8.1943e-15  -4.0784e+00  -1.7342e-15  -5.0098e-15  -1.3247e-15  -1.1732e+01   4.9484e-15   3.0208e-15  -2.2804e-15
  -1.1205e+01  -5.1693e-15  -1.7342e-15  -3.9101e+00  -6.7792e-01   2.8029e-15   4.8890e-15   9.0126e+00   1.2403e+01   1.2395e+00
  -1.1304e+01  -7.7448e-15  -5.0098e-15  -6.7792e-01  -1.4020e+01  -1.1403e-15  -2.1769e-15  -1.2403e+01  -1.2390e+01  -9.1339e-01
   3.3275e-15  -1.1732e+01  -1.3247e-15   2.8029e-15  -1.1403e-15  -4.0784e+00   2.8562e-15  -1.1476e-16   2.6357e-15   6.2449e-17
   2.1561e-15  -1.8167e-15  -1.1732e+01   4.8890e-15  -2.1769e-15   2.8562e-15  -4.0784e+00  -5.6769e-16   5.0858e-15   7.9534e-17
  -1.2395e+00   2.6650e-15   4.9484e-15   9.0126e+00  -1.2403e+01  -1.1476e-16  -5.6769e-16  -3.9101e+00   6.7792e-01   1.1205e+01
  -9.1339e-01   1.7390e-15   3.0208e-15   1.2403e+01  -1.2390e+01   2.6357e-15   5.0858e-15   6.7792e-01  -1.4020e+01  -1.1304e+01
  -2.3176e-01  -1.2675e-15  -2.2804e-15   1.2395e+00  -9.1339e-01   6.2449e-17   7.9534e-17   1.1205e+01  -1.1304e+01  -6.6581e+00
Ca
   1.8635e-01   4.5827e-01   4.6638e-01  -1.7399e-16  -4.9848e-16  -5.0981e-01   1.3289e-16  -1.4922e-15  -4.9776e-01  -1.7343e-01
   8.2582e-17   3.1814e-16   5.3707e-16   7.2814e-02   7.0335e-01   6.8008e-16  -4.5201e-01   5.4377e-01  -2.3487e-15   2.0466e-17
   6.3464e-17   1.9719e-16   3.2052e-16   7.0335e-01  -7.2814e-02   1.2347e-16   5.4377e-01   4.5201e-01  -1.2293e-15   3.7821e-16
  -2.5496e-01   3.6006e-01   5.2622e-01  -3.0869e-16  -3.1174e-16   1.2075e-01  -3.5498e-16   1.0029e-15   3.9760e-01   5.9647e-01
   6.3267e-01   4.0043e-01   7.4693e-02  -1.0647e-16  -3.1998e-17   4.7488e-01   1.4072e-16   4.8138e-16   3.0684e-01  -3.3786e-01
   2.7890e-17   1.5572e-16   2.6202e-16   7.2814e-02   7.0335e-01  -1.0151e-15   4.5201e-01  -5.4377e-01   2.2907e-15   1.4557e-16
   5.6193e-17   1.3624e-16  -6.4629e-17   7.0335e-01  -7.2814e-02  -4.1271e-16  -5.4377e-01  -4.5201e-01   1.3307e-15  -7.7134e-17
   2.5496e-01   3.6006e-01  -5.2622e-01  -4.1603e-17   9.9855e-17   1.2075e-01   2.0112e-16  -1.5771e-15  -3.9760e-01   5.9647e-01
   6.3267e-01  -4.0043e-01   7.4693e-02  -1.3189e-16  -3.5062e-17  -4.7488e-01  -5.3238e-16   1.5939e-15   3.0684e-01   3.3786e-01
   1.8635e-01  -4.5827e-01   4.6638e-01   9.3539e-17  -6.4056e-17   5.0981e-01   4.8843e-16  -2.5385e-15  -4.9776e-01   1.7343e-01
Cb
   1.8635e-01   4.5827e-01   4.6638e-01  -1.7399e-16  -4.9848e-16  -5.0981e-01   1.3289e-16  -1.4922e-15  -4.9776e-01  -1.7343e-01
   8.2582e-17   3.1814e-16   5.3707e-16   7.2814e-02   7.0335e-01   6.8008e-16  -4.5201e-01   5.4377e-01  -2.3487e-15   2.0466e-17
   6.3464e-17   1.9719e-16   3.2052e-16   7.0335e-01  -7.2814e-02   1.2347e-16   5.4377e-01   4.5201e-01  -1.2293e-15   3.7821e-16
  -2.5496e-01   3.6006e-01   5.2622e-01  -3.0869e-16  -3.1174e-16   1.2075e-01  -3.5498e-16   1.0029e-15   3.9760e-01   5.9647e-01
   6.3267e-01   4.0043e-01   7.4693e-02  -1.0647e-16  -3.1998e-17   4.7488e-01   1.4072e-16   4.8138e-16   3.0684e-01  -3.3786e-01
   2.7890e-17   1.5572e-16   2.6202e-16   7.2814e-02   7.0335e-01  -1.0151e-15   4.5201e-01  -5.4377e-01   2.2907e-15   1.4557e-16
   5.6193e-17   1.3624e-16  -6.4629e-17   7.0335e-01  -7.2814e-02  -4.1271e-16  -5.4377e-01  -4.5201e-01   1.3307e-15  -7.7134e-17
   2.5496e-01   3.6006e-01  -5.2622e-01  -4.1603e-17   9.9855e-17   1.2075e-01   2.0112e-16  -1.5771e-15  -3.9760e-01   5.9647e-01
   6.3267e-01  -4.0043e-01   7.4693e-02  -1.3189e-16  -3.5062e-17  -4.7488e-01  -5.3238e-16   1.5939e-15   3.0684e-01   3.3786e-01
   1.8635e-01  -4.5827e-01   4.6638e-01   9.3539e-17  -6.4056e-17   5.0981e-01   4.8843e-16  -2.5385e-15  -4.9776e-01   1.7343e-01
Ea
  -34.7340
  -25.2831
  -20.0905
  -15.8100
  -15.8100
    6.1995
    7.6531
    7.6531
    8.6015
   16.1303
Eb
  -34.7340
  -25.2831
  -20.0905
  -15.8100
  -15.8100
    6.1995
    7.6531
    7.6531
    8.6015
   16.1303
Pa_old
   4.2387e-01   4.7112e-17   1.0265e-16   3.5584e-01   3.3752e-01  -5.3442e-16  -3.4629e-16  -3.5925e-02  -2.9053e-02   3.9115e-02
   4.7112e-17   5.0000e-01   4.8205e-16   3.0409e-16   4.5560e-16   5.0000e-01   1.6555e-16  -2.4285e-16  -1.5847e-16   2.0357e-16
   1.0265e-16   4.8205e-16   5.0000e-01   1.0202e-16   2.9471e-16   1.2072e-16   5.0000e-01  -4.5094e-16  -2.7528e-16   3.6625e-16
   3.5584e-01   3.0409e-16   1.0202e-16   4.9010e-01   3.9880e-02  -2.5542e-16  -4.4553e-16  -2.2410e-01  -2.6491e-01   3.5925e-02
   3.3752e-01   4.5560e-16   2.9471e-16   3.9880e-02   5.8603e-01   1.0392e-16   1.9838e-16   2.6491e-01   2.3679e-01  -2.9053e-02
  -5.3442e-16   5.0000e-01   1.2072e-16  -2.5542e-16   1.0392e-16   5.0000e-01  -1.6802e-16   6.7510e-18  -1.5505e-16  -5.2318e-18
  -3.4629e-16   1.6555e-16   5.0000e-01  -4.4553e-16   1.9838e-16  -1.6802e-16   5.0000e-01   3.3396e-17  -2.9918e-16  -6.6632e-18
  -3.5925e-02  -2.4285e-16  -4.5094e-16  -2.2410e-01   2.6491e-01   6.7510e-18   3.3396e-17   4.9010e-01  -3.9880e-02  -3.5584e-01
  -2.9053e-02  -1.5847e-16  -2.7528e-16  -2.6491e-01   2.3679e-01  -1.5505e-16  -2.9918e-16  -3.9880e-02   5.8603e-01   3.3752e-01
   3.9115e-02   2.0357e-16   3.6625e-16   3.5925e-02  -2.9053e-02  -5.2318e-18  -6.6632e-18  -3.5584e-01   3.3752e-01   4.2387e-01
Pb_old
   4.2387e-01   4.7112e-17   1.0265e-16   3.5584e-01   3.3752e-01  -5.3442e-16  -3.4629e-16  -3.5925e-02  -2.9053e-02   3.9115e-02
   4.7112e-17   5.0000e-01   4.8205e-16   3.0409e-16   4.5560e-16   5.0000e-01   1.6555e-16  -2.4285e-16  -1.5847e-16   2.0357e-16
   1.0265e-16   4.8205e-16   5.0000e-01   1.0202e-16   2.9471e-16   1.2072e-16   5.0000e-01  -4.5094e-16  -2.7528e-16   3.6625e-16
   3.5584e-01   3.0409e-16   1.0202e-16   4.9010e-01   3.9880e-02  -2.5542e-16  -4.4553e-16  -2.2410e-01  -2.6491e-01   3.5925e-02
   3.3752e-01   4.5560e-16   2.9471e-16   3.9880e-02   5.8603e-01   1.0392e-16   1.9838e-16   2.6491e-01   2.3679e-01  -2.9053e-02
  -5.3442e-16   5.0000e-01   1.2072e-16  -2.5542e-16   1.0392e-16   5.0000e-01  -1.6802e-16   6.7510e-18  -1.5505e-16  -5.2318e-18
  -3.4629e-16   1.6555e-16   5.0000e-01  -4.4553e-16   1.9838e-16  -1.6802e-16   5.0000e-01   3.3396e-17  -2.9918e-16  -6.6632e-18
  -3.5925e-02  -2.4285e-16  -4.5094e-16  -2.2410e-01   2.6491e-01   6.7510e-18   3.3396e-17   4.9010e-01  -3.9880e-02  -3.5584e-01
  -2.9053e-02  -1.5847e-16  -2.7528e-16  -2.6491e-01   2.3679e-01  -1.5505e-16  -2.9918e-16  -3.9880e-02   5.8603e-01   3.3752e-01
   3.9115e-02   2.0357e-16   3.6625e-16   3.5925e-02  -2.9053e-02  -5.2318e-18  -6.6632e-18  -3.5584e-01   3.3752e-01   4.2387e-01
Pa_new
   4.6225e-01   4.8386e-17   1.6560e-16   3.6291e-01   3.3624e-01  -1.6451e-16  -4.3317e-17  -3.2901e-02  -3.0771e-02   4.2227e-02
   4.8386e-17   5.0000e-01   1.2475e-16   1.3438e-16   1.8949e-16   5.0000e-01   6.5601e-18  -7.9812e-17  -6.9292e-17   8.1835e-17
   1.6560e-16   1.2475e-16   5.0000e-01   2.9069e-17   7.0498e-17  -6.8254e-17   5.0000e-01  -1.1802e-16  -1.0508e-16   1.4140e-16
   3.6291e-01   1.3438e-16   2.9069e-17   4.7156e-01   2.2180e-02  -5.4894e-17  -1.9370e-16  -2.1227e-01  -2.6618e-01   3.2901e-02
   3.3624e-01   1.8949e-16   7.0498e-17   2.2180e-02   5.6619e-01   6.9314e-17   1.2722e-17   2.6618e-01   2.4550e-01  -3.0771e-02
  -1.6451e-16   5.0000e-01  -6.8254e-17  -5.4894e-17   6.9314e-17   5.0000e-01  -1.9339e-16  -7.4975e-18  -5.9404e-17   1.7794e-17
  -4.3317e-17   6.5601e-18   5.0000e-01  -1.9370e-16   1.2722e-17  -1.9339e-16   5.0000e-01   6.0859e-17  -1.1404e-16  -1.1650e-17
  -3.2901e-02  -7.9812e-17  -1.1802e-16  -2.1227e-01   2.6618e-01  -7.4975e-18   6.0859e-17   4.7156e-01  -2.2180e-02  -3.6291e-01
  -3.0771e-02  -6.9292e-17  -1.0508e-16  -2.6618e-01   2.4550e-01  -5.9404e-17  -1.1404e-16  -2.2180e-02   5.6619e-01   3.3624e-01
   4.2227e-02   8.1835e-17   1.4140e-16   3.2901e-02  -3.0771e-02   1.7794e-17  -1.1650e-17  -3.6291e-01   3.3624e-01   4.6225e-01
Pb_new
   4.6225e-01   4.8386e-17   1.6560e-16   3.6291e-01   3.3624e-01  -1.6451e-16  -4.3317e-17  -3.2901e-02  -3.0771e-02   4.2227e-02
   4.8386e-17   5.0000e-01   1.2475e-16   1.3438e-16   1.8949e-16   5.0000e-01   6.5601e-18  -7.9812e-17  -6.9292e-17   8.1835e-17
   1.6560e-16   1.2475e-16   5.0000e-01   2.9069e-17   7.0498e-17  -6.8254e-17   5.0000e-01  -1.1802e-16  -1.0508e-16   1.4140e-16
   3.6291e-01   1.3438e-16   2.9069e-17   4.7156e-01   2.2180e-02  -5.4894e-17  -1.9370e-16  -2.1227e-01  -2.6618e-01   3.2901e-02
   3.3624e-01   1.8949e-16   7.0498e-17   2.2180e-02   5.6619e-01   6.9314e-17   1.2722e-17   2.6618e-01   2.4550e-01  -3.0771e-02
  -1.6451e-16   5.0000e-01  -6.8254e-17  -5.4894e-17   6.9314e-17   5.0000e-01  -1.9339e-16  -7.4975e-18  -5.9404e-17   1.7794e-17
  -4.3317e-17   6.5601e-18   5.0000e-01  -1.9370e-16   1.2722e-17  -1.9339e-16   5.0000e-01   6.0859e-17  -1.1404e-16  -1.1650e-17
  -3.2901e-02  -7.9812e-17  -1.1802e-16  -2.1227e-01   2.6618e-01  -7.4975e-18   6.0859e-17   4.7156e-01  -2.2180e-02  -3.6291e-01
  -3.0771e-02  -6.9292e-17  -1.0508e-16  -2.6618e-01   2.4550e-01  -5.9404e-17  -1.1404e-16  -2.2180e-02   5.6619e-01   3.3624e-01
   4.2227e-02   8.1835e-17   1.4140e-16   3.2901e-02  -3.0771e-02   1.7794e-17  -1.1650e-17  -3.6291e-01   3.3624e-01   4.6225e-01
P_t
   0.9245
   4.0755
   4.0755
   0.9245
Ga
   8.7931e+01  -5.6234e-16  -1.2253e-15  -4.2475e+00  -4.0287e+00   3.3275e-15   2.1561e-15   2.2368e-01   1.8090e-01  -1.6517e-01
  -5.6234e-16   1.2305e+02  -8.1943e-15  -5.1693e-15  -7.7448e-15  -5.4867e+00  -1.8167e-15   2.6650e-15   1.7390e-15  -1.2675e-15
  -1.2253e-15  -8.1943e-15   1.2305e+02  -1.7342e-15  -5.0098e-15  -1.3247e-15  -5.4867e+00   4.9484e-15   3.0208e-15  -2.2804e-15
  -4.2475e+00  -5.1693e-15  -1.7342e-15   1.2322e+02  -6.7792e-01   2.8029e-15   4.8890e-15   2.4591e+00   2.9070e+00  -2.2368e-01
  -4.0287e+00  -7.7448e-15  -5.0098e-15  -6.7792e-01   1.2158e+02  -1.1403e-15  -2.1769e-15  -2.9070e+00  -2.5984e+00   1.8090e-01
   3.3275e-15  -5.4867e+00  -1.3247e-15   2.8029e-15  -1.1403e-15   1.2305e+02   2.8562e-15  -1.1476e-16   2.6357e-15   6.2449e-17
   2.1561e-15  -1.8167e-15  -5.4867e+00   4.8890e-15  -2.1769e-15   2.8562e-15   1.2305e+02  -5.6769e-16   5.0858e-15   7.9534e-17
