Hello World!
gamma
   21.0778   12.6511    6.0418    4.3579
   12.6511   16.9990    9.9828    6.2566
    6.0418    9.9828   16.9990   13.2997
    4.3579    6.2566   13.2997   21.0778
Overlap
   1.0000e+00            0            0   5.1619e-01   5.9025e-01            0            0   9.9408e-02   7.4536e-02   9.4089e-03
            0   1.0000e+00            0            0            0   2.2252e-01            0            0            0            0
            0            0   1.0000e+00            0            0            0   2.2252e-01            0            0            0
   5.1619e-01            0            0   1.0000e+00   6.9578e-17            0            0  -3.2851e-01  -3.9659e-01  -8.6408e-02
   5.9025e-01            0            0   6.9578e-17   1.0000e+00            0            0   3.9659e-01   3.7684e-01   6.3590e-02
            0   2.2252e-01            0            0            0   1.0000e+00            0            0            0            0
            0            0   2.2252e-01            0            0            0   1.0000e+00            0            0            0
   9.9408e-02            0            0  -3.2851e-01   3.9659e-01            0            0   1.0000e+00   3.4789e-17  -4.9443e-01
   7.4536e-02            0            0  -3.9659e-01   3.7684e-01            0            0   3.4789e-17   1.0000e+00   5.4037e-01
   9.4089e-03            0            0  -8.6408e-02   6.3590e-02            0            0  -4.9443e-01   5.4037e-01   1.0000e+00
H_core
  -1.0030e+02            0            0  -7.7429e+00  -8.8537e+00            0            0  -1.4911e+00  -1.1180e+00  -8.4680e-02
            0  -1.2434e+02            0            0            0  -4.6730e+00            0            0            0            0
            0            0  -1.2434e+02            0            0            0  -4.6730e+00            0            0            0
  -7.7429e+00            0            0  -1.2434e+02  -1.4611e-15            0            0   6.8986e+00   8.3284e+00   1.2961e+00
  -8.8537e+00            0            0  -1.4611e-15  -1.3282e+02            0            0  -8.3284e+00  -7.9136e+00  -9.5385e-01
            0  -4.6730e+00            0            0            0  -1.2391e+02            0            0            0            0
            0            0  -4.6730e+00            0            0            0  -1.2391e+02            0            0            0
  -1.4911e+00            0            0   6.8986e+00  -8.3284e+00            0            0  -1.2391e+02  -7.3056e-16   7.4164e+00
  -1.1180e+00            0            0   8.3284e+00  -7.9136e+00            0            0  -7.3056e-16  -1.3239e+02  -8.1055e+00
  -8.4680e-02            0            0   1.2961e+00  -9.5385e-01            0            0   7.4164e+00  -8.1055e+00  -9.6844e+01
p = 5 q = 5
Iteration: 0
Fa
  -1.0030e+02            0            0  -7.7429e+00  -8.8537e+00            0            0  -1.4911e+00  -1.1180e+00  -8.4680e-02
            0  -1.2434e+02            0            0            0  -4.6730e+00            0            0            0            0
            0            0  -1.2434e+02            0            0            0  -4.6730e+00            0            0            0
  -7.7429e+00            0            0  -1.2434e+02  -1.4611e-15            0            0   6.8986e+00   8.3284e+00   1.2961e+00
  -8.8537e+00            0            0  -1.4611e-15  -1.3282e+02            0            0  -8.3284e+00  -7.9136e+00  -9.5385e-01
            0  -4.6730e+00            0            0            0  -1.2391e+02            0            0            0            0
            0            0  -4.6730e+00            0            0            0  -1.2391e+02            0            0            0
  -1.4911e+00            0            0   6.8986e+00  -8.3284e+00            0            0  -1.2391e+02  -7.3056e-16   7.4164e+00
  -1.1180e+00            0            0   8.3284e+00  -7.9136e+00            0            0  -7.3056e-16  -1.3239e+02  -8.1055e+00
  -8.4680e-02            0            0   1.2961e+00  -9.5385e-01            0            0   7.4164e+00  -8.1055e+00  -9.6844e+01
Fb
  -1.0030e+02            0            0  -7.7429e+00  -8.8537e+00            0            0  -1.4911e+00  -1.1180e+00  -8.4680e-02
            0  -1.2434e+02            0            0            0  -4.6730e+00            0            0            0            0
            0            0  -1.2434e+02            0            0            0  -4.6730e+00            0            0            0
  -7.7429e+00            0            0  -1.2434e+02  -1.4611e-15            0            0   6.8986e+00   8.3284e+00   1.2961e+00
  -8.8537e+00            0            0  -1.4611e-15  -1.3282e+02            0            0  -8.3284e+00  -7.9136e+00  -9.5385e-01
            0  -4.6730e+00            0            0            0  -1.2391e+02            0            0            0            0
            0            0  -4.6730e+00            0            0            0  -1.2391e+02            0            0            0
  -1.4911e+00            0            0   6.8986e+00  -8.3284e+00            0            0  -1.2391e+02  -7.3056e-16   7.4164e+00
  -1.1180e+00            0            0   8.3284e+00  -7.9136e+00            0            0  -7.3056e-16  -1.3239e+02  -8.1055e+00
  -8.4680e-02            0            0   1.2961e+00  -9.5385e-01            0            0   7.4164e+00  -8.1055e+00  -9.6844e+01
Ca
  -9.7894e-02  -2.5122e-01  -1.9538e-01  -7.4756e-15   9.6606e-16  -4.6694e-16   1.9587e-15  -1.2344e-01  -9.3064e-01  -8.8341e-02
  -1.1085e-16  -1.7148e-15  -1.7001e-14   6.0235e-01  -4.0044e-01  -1.7736e-01   6.6735e-01   2.4883e-16   2.3700e-16   1.6296e-17
   2.0411e-17   7.5809e-16   1.0783e-14  -4.0044e-01  -6.0235e-01   6.6735e-01   1.7736e-01   3.4527e-16   4.0357e-17   1.9250e-18
   3.0727e-01  -4.6875e-01  -5.6729e-01  -1.8113e-14   5.9065e-16  -5.4284e-16   1.0320e-15  -5.3124e-01   2.7700e-01   7.1371e-02
  -6.4191e-01  -5.5382e-01  -2.0777e-01  -8.1971e-15   2.4185e-16  -1.0049e-15   2.4140e-16   4.4269e-01   2.0400e-01  -2.1900e-02
  -5.2736e-16  -3.3307e-15  -1.8097e-14   5.7504e-01  -3.8229e-01   1.8578e-01  -6.9905e-01  -6.1062e-16  -1.4433e-15  -1.0408e-16
   1.1102e-16   1.5543e-15   1.1519e-14  -3.8229e-01  -5.7504e-01  -6.9905e-01  -1.8578e-01  -7.7716e-16  -2.2204e-16            0
  -3.1994e-01  -3.1521e-01   6.5273e-01   1.7800e-14   7.5546e-17   8.2258e-16   1.5275e-16  -5.5358e-01   3.0969e-02   2.5458e-01
  -6.1333e-01   5.2760e-01  -3.4961e-01  -8.4416e-15   1.2502e-16   2.9651e-16   2.5591e-16  -4.3400e-01   6.9514e-02  -1.7335e-01
  -7.3601e-02   1.8091e-01  -2.2036e-01  -5.8016e-15            0  -1.7661e-16            0   1.0844e-01  -9.8853e-02   9.4433e-01
Cb
  -9.7894e-02  -2.5122e-01  -1.9538e-01  -7.4756e-15   9.6606e-16  -4.6694e-16   1.9587e-15  -1.2344e-01  -9.3064e-01  -8.8341e-02
  -1.1085e-16  -1.7148e-15  -1.7001e-14   6.0235e-01  -4.0044e-01  -1.7736e-01   6.6735e-01   2.4883e-16   2.3700e-16   1.6296e-17
   2.0411e-17   7.5809e-16   1.0783e-14  -4.0044e-01  -6.0235e-01   6.6735e-01   1.7736e-01   3.4527e-16   4.0357e-17   1.9250e-18
   3.0727e-01  -4.6875e-01  -5.6729e-01  -1.8113e-14   5.9065e-16  -5.4284e-16   1.0320e-15  -5.3124e-01   2.7700e-01   7.1371e-02
  -6.4191e-01  -5.5382e-01  -2.0777e-01  -8.1971e-15   2.4185e-16  -1.0049e-15   2.4140e-16   4.4269e-01   2.0400e-01  -2.1900e-02
  -5.2736e-16  -3.3307e-15  -1.8097e-14   5.7504e-01  -3.8229e-01   1.8578e-01  -6.9905e-01  -6.1062e-16  -1.4433e-15  -1.0408e-16
   1.1102e-16   1.5543e-15   1.1519e-14  -3.8229e-01  -5.7504e-01  -6.9905e-01  -1.8578e-01  -7.7716e-16  -2.2204e-16            0
  -3.1994e-01  -3.1521e-01   6.5273e-01   1.7800e-14   7.5546e-17   8.2258e-16   1.5275e-16  -5.5358e-01   3.0969e-02   2.5458e-01
  -6.1333e-01   5.2760e-01  -3.4961e-01  -8.4416e-15   1.2502e-16   2.9651e-16   2.5591e-16  -4.3400e-01   6.9514e-02  -1.7335e-01
  -7.3601e-02   1.8091e-01  -2.2036e-01  -5.8016e-15            0  -1.7661e-16            0   1.0844e-01  -9.8853e-02   9.4433e-01
Ea
  -1.4599e+02
  -1.3373e+02
  -1.2931e+02
  -1.2880e+02
  -1.2880e+02
  -1.1945e+02
  -1.1945e+02
  -1.1241e+02
  -9.5929e+01
  -9.3229e+01
Eb
  -1.4599e+02
  -1.3373e+02
  -1.2931e+02
  -1.2880e+02
  -1.2880e+02
  -1.1945e+02
  -1.1945e+02
  -1.1241e+02
  -9.5929e+01
  -9.3229e+01
Pa_old
        0        0        0        0        0        0        0        0        0        0
        0        0        0        0        0        0        0        0        0        0
        0        0        0        0        0        0        0        0        0        0
        0        0        0        0        0        0        0        0        0        0
        0        0        0        0        0        0        0        0        0        0
        0        0        0        0        0        0        0        0        0        0
        0        0        0        0        0        0        0        0        0        0
        0        0        0        0        0        0        0        0        0        0
        0        0        0        0        0        0        0        0        0        0
        0        0        0        0        0        0        0        0        0        0
Pb_old
        0        0        0        0        0        0        0        0        0        0
        0        0        0        0        0        0        0        0        0        0
        0        0        0        0        0        0        0        0        0        0
        0        0        0        0        0        0        0        0        0        0
        0        0        0        0        0        0        0        0        0        0
        0        0        0        0        0        0        0        0        0        0
        0        0        0        0        0        0        0        0        0        0
        0        0        0        0        0        0        0        0        0        0
        0        0        0        0        0        0        0        0        0        0
        0        0        0        0        0        0        0        0        0        0
Pa_new
   1.1087e-01  -1.1265e-15   1.1233e-16   1.9852e-01   2.4256e-01  -2.4404e-16  -3.4955e-16  -1.7023e-02  -4.1931e-03   4.8126e-03
  -1.1265e-15   5.2318e-01  -1.3317e-15  -7.3277e-16  -4.8119e-16   4.9946e-01  -1.2834e-15   1.7040e-16  -2.7823e-17  -5.0268e-17
   1.1233e-16  -1.3317e-15   5.2318e-01   4.3109e-16   4.6332e-16   7.9666e-16   4.9946e-01  -3.8014e-16  -7.7490e-17   8.2590e-17
   1.9852e-01  -7.3277e-16   4.3109e-16   6.3596e-01   1.8023e-01   1.0236e-15  -6.4411e-16  -3.2084e-01  -2.3744e-01   1.7593e-02
   2.4256e-01  -4.8119e-16   4.6332e-16   1.8023e-01   7.6193e-01   1.1370e-15  -3.3078e-16   2.4432e-01   1.7415e-01  -7.1591e-03
  -2.4404e-16   4.9946e-01   7.9666e-16   1.0236e-15   1.1370e-15   4.7682e-01   7.5768e-16  -3.8685e-16  -9.0881e-18   8.7924e-17
  -3.4955e-16  -1.2834e-15   4.9946e-01  -6.4411e-16  -3.3078e-16   7.5768e-16   4.7682e-01   1.4501e-16  -1.1986e-16  -4.7381e-17
  -1.7023e-02   1.7040e-16  -3.8014e-16  -3.2084e-01   2.4432e-01  -3.8685e-16   1.4501e-16   6.2778e-01  -1.9828e-01  -1.7731e-01
  -4.1931e-03  -2.7823e-17  -7.7490e-17  -2.3744e-01   1.7415e-01  -9.0881e-18  -1.1986e-16  -1.9828e-01   7.7677e-01   2.1763e-01
   4.8126e-03  -5.0268e-17   8.2590e-17   1.7593e-02  -7.1591e-03   8.7924e-17  -4.7381e-17  -1.7731e-01   2.1763e-01   8.6706e-02
Pb_new
   1.1087e-01  -1.1265e-15   1.1233e-16   1.9852e-01   2.4256e-01  -2.4404e-16  -3.4955e-16  -1.7023e-02  -4.1931e-03   4.8126e-03
  -1.1265e-15   5.2318e-01  -1.3317e-15  -7.3277e-16  -4.8119e-16   4.9946e-01  -1.2834e-15   1.7040e-16  -2.7823e-17  -5.0268e-17
   1.1233e-16  -1.3317e-15   5.2318e-01   4.3109e-16   4.6332e-16   7.9666e-16   4.9946e-01  -3.8014e-16  -7.7490e-17   8.2590e-17
   1.9852e-01  -7.3277e-16   4.3109e-16   6.3596e-01   1.8023e-01   1.0236e-15  -6.4411e-16  -3.2084e-01  -2.3744e-01   1.7593e-02
   2.4256e-01  -4.8119e-16   4.6332e-16   1.8023e-01   7.6193e-01   1.1370e-15  -3.3078e-16   2.4432e-01   1.7415e-01  -7.1591e-03
  -2.4404e-16   4.9946e-01   7.9666e-16   1.0236e-15   1.1370e-15   4.7682e-01   7.5768e-16  -3.8685e-16  -9.0881e-18   8.7924e-17
  -3.4955e-16  -1.2834e-15   4.9946e-01  -6.4411e-16  -3.3078e-16   7.5768e-16   4.7682e-01   1.4501e-16  -1.1986e-16  -4.7381e-17
  -1.7023e-02   1.7040e-16  -3.8014e-16  -3.2084e-01   2.4432e-01  -3.8685e-16   1.4501e-16   6.2778e-01  -1.9828e-01  -1.7731e-01
  -4.1931e-03  -2.7823e-17  -7.7490e-17  -2.3744e-01   1.7415e-01  -9.0881e-18  -1.1986e-16  -1.9828e-01   7.7677e-01   2.1763e-01
   4.8126e-03  -5.0268e-17   8.2590e-17   1.7593e-02  -7.1591e-03   8.7924e-17  -4.7381e-17  -1.7731e-01   2.1763e-01   8.6706e-02
P_t
   0.1734
   4.7164
   4.8885
   0.2217
Ga
        0        0        0        0        0        0        0        0        0        0
        0        0        0        0        0        0        0        0        0        0
        0        0        0        0        0        0        0        0        0        0
        0        0        0        0        0        0        0        0        0        0
        0        0        0        0        0        0        0        0        0        0
        0        0        0        0        0        0        0        0        0        0
        0        0        0        0        0        0        0        0        0        0
        0        0        0        0        0        0        0        0        0        0
        0        0        0        0        0        0        0        0        0        0
        0        0        0        0        0        0        0        0        0        0
Gb
        0        0        0        0        0        0        0        0        0        0
        0        0        0        0        0        0        0        0        0        0
        0        0        0        0        0        0        0        0        0        0
        0        0        0        0        0        0        0        0        0        0
        0        0        0        0        0        0        0        0        0        0
        0        0        0        0        0        0        0        0        0        0
        0        0        0        0        0        0        0        0        0        0
        0        0        0        0        0        0        0        0        0        0
        0        0        0        0        0        0        0        0        0        0
        0        0        0        0        0        0        0        0        0        0
Iteration: 1
Fa
  -2.6814e+00   1.4982e-14  -1.4940e-15  -1.0383e+01  -1.2080e+01   1.5268e-15   2.1870e-15  -1.3846e+00  -1.0918e+00  -1.0565e-01
   1.4982e-14   9.4393e-01   2.2637e-14   1.2456e-14   8.1798e-15  -9.6590e+00   1.2812e-14  -1.7010e-15   2.7775e-16   3.0371e-16
  -1.4940e-15   2.2637e-14   9.4393e-01  -7.3280e-15  -7.8760e-15  -7.9529e-15  -9.6590e+00   3.7949e-15   7.7357e-16  -4.9899e-16
  -1.0383e+01   1.2456e-14  -7.3280e-15  -9.7311e-01  -3.0638e+00  -1.0219e-14   6.4300e-15   1.0101e+01   1.0699e+01   1.1898e+00
  -1.2080e+01   8.1798e-15  -7.8760e-15  -3.0638e+00  -1.1593e+01  -1.1350e-14   3.3021e-15  -1.0767e+01  -9.6521e+00  -9.1060e-01
   1.5268e-15  -9.6590e+00  -7.9529e-15  -1.0219e-14  -1.1350e-14   5.4251e-01  -1.2880e-14   6.5760e-15   1.5449e-16  -1.1123e-15
   2.1870e-15   1.2812e-14  -9.6590e+00   6.4300e-15   3.3021e-15  -1.2880e-14   5.4251e-01  -2.4650e-15   2.0375e-15   5.9942e-16
  -1.3846e+00  -1.7010e-15   3.7949e-15   1.0101e+01  -1.0767e+01   6.5760e-15  -2.4650e-15  -2.0237e+00   3.3705e+00   9.6596e+00
  -1.0918e+00   2.7775e-16   7.7357e-16   1.0699e+01  -9.6521e+00   1.5449e-16   2.0375e-15   3.3705e+00  -1.3035e+01  -1.0859e+01
  -1.0565e-01   3.0371e-16  -4.9899e-16   1.1898e+00  -9.1060e-01  -1.1123e-15   5.9942e-16   9.6596e+00  -1.0859e+01  -4.8481e+00
Fb
  -2.6814e+00   1.4982e-14  -1.4940e-15  -1.0383e+01  -1.2080e+01   1.5268e-15   2.1870e-15  -1.3846e+00  -1.0918e+00  -1.0565e-01
   1.4982e-14   9.4393e-01   2.2637e-14   1.2456e-14   8.1798e-15  -9.6590e+00   1.2812e-14  -1.7010e-15   2.7775e-16   3.0371e-16
  -1.4940e-15   2.2637e-14   9.4393e-01  -7.3280e-15  -7.8760e-15  -7.9529e-15  -9.6590e+00   3.7949e-15   7.7357e-16  -4.9899e-16
  -1.0383e+01   1.2456e-14  -7.3280e-15  -9.7311e-01  -3.0638e+00  -1.0219e-14   6.4300e-15   1.0101e+01   1.0699e+01   1.1898e+00
  -1.2080e+01   8.1798e-15  -7.8760e-15  -3.0638e+00  -1.1593e+01  -1.1350e-14   3.3021e-15  -1.0767e+01  -9.6521e+00  -9.1060e-01
   1.5268e-15  -9.6590e+00  -7.9529e-15  -1.0219e-14  -1.1350e-14   5.4251e-01  -1.2880e-14   6.5760e-15   1.5449e-16  -1.1123e-15
   2.1870e-15   1.2812e-14  -9.6590e+00   6.4300e-15   3.3021e-15  -1.2880e-14   5.4251e-01  -2.4650e-15   2.0375e-15   5.9942e-16
  -1.3846e+00  -1.7010e-15   3.7949e-15   1.0101e+01  -1.0767e+01   6.5760e-15  -2.4650e-15  -2.0237e+00   3.3705e+00   9.6596e+00
  -1.0918e+00   2.7775e-16   7.7357e-16   1.0699e+01  -9.6521e+00   1.5449e-16   2.0375e-15   3.3705e+00  -1.3035e+01  -1.0859e+01
  -1.0565e-01   3.0371e-16  -4.9899e-16   1.1898e+00  -9.1060e-01  -1.1123e-15   5.9942e-16   9.6596e+00  -1.0859e+01  -4.8481e+00
Ca
  -2.6698e-01  -4.2001e-01   3.8056e-01   2.2697e-16   3.2224e-16  -1.9380e-01   7.3113e-01   7.0651e-15   1.8086e-15  -1.8809e-01
   2.0993e-16   5.1709e-16  -6.6470e-16   5.7540e-01  -3.9815e-01   4.0397e-17   6.6451e-15  -6.6211e-01   2.6833e-01   1.1849e-16
  -8.9125e-17  -2.1382e-16   3.4276e-16  -3.9815e-01  -5.7540e-01  -2.2686e-16  -4.2928e-15   2.6833e-01   6.6211e-01  -9.8458e-18
   1.4372e-01  -3.1853e-01   6.1217e-01   4.9269e-16  -7.9496e-17  -9.1594e-02  -3.1114e-01  -3.6602e-15  -8.4000e-16   6.3081e-01
  -6.2559e-01  -4.5319e-01   1.8624e-03   4.5586e-16  -4.9243e-16   2.2897e-01  -5.0760e-01  -5.6293e-15  -1.2004e-15  -3.0524e-01
  -1.1653e-16  -3.2236e-17   2.3179e-16   5.8748e-01  -4.0651e-01  -3.0650e-16  -5.6887e-15   6.4849e-01  -2.6282e-01  -6.5250e-17
   5.6729e-17  -1.0361e-17  -1.4256e-16  -4.0651e-01  -5.8748e-01   1.2071e-16   4.4012e-15  -2.6282e-01  -6.4849e-01   1.2124e-17
  -1.3971e-01  -3.6864e-01  -5.8908e-01  -1.2858e-16   1.0495e-16   2.7694e-01   2.6911e-01   3.1946e-15   7.4404e-16   5.9030e-01
  -6.5136e-01   4.3456e-01  -4.6521e-02  -1.6263e-16   1.3399e-16  -5.2680e-01  -1.9549e-02  -2.5478e-16  -1.1727e-16   3.2685e-01
  -2.7001e-01   4.3819e-01   3.6226e-01  -3.6195e-17  -3.5586e-17   7.3988e-01   1.9543e-01   2.1266e-15   5.2568e-16   1.3505e-01
Cb
  -2.6698e-01  -4.2001e-01   3.8056e-01   2.2697e-16   3.2224e-16  -1.9380e-01   7.3113e-01   7.0651e-15   1.8086e-15  -1.8809e-01
   2.0993e-16   5.1709e-16  -6.6470e-16   5.7540e-01  -3.9815e-01   4.0397e-17   6.6451e-15  -6.6211e-01   2.6833e-01   1.1849e-16
  -8.9125e-17  -2.1382e-16   3.4276e-16  -3.9815e-01  -5.7540e-01  -2.2686e-16  -4.2928e-15   2.6833e-01   6.6211e-01  -9.8458e-18
   1.4372e-01  -3.1853e-01   6.1217e-01   4.9269e-16  -7.9496e-17  -9.1594e-02  -3.1114e-01  -3.6602e-15  -8.4000e-16   6.3081e-01
  -6.2559e-01  -4.5319e-01   1.8624e-03   4.5586e-16  -4.9243e-16   2.2897e-01  -5.0760e-01  -5.6293e-15  -1.2004e-15  -3.0524e-01
  -1.1653e-16  -3.2236e-17   2.3179e-16   5.8748e-01  -4.0651e-01  -3.0650e-16  -5.6887e-15   6.4849e-01  -2.6282e-01  -6.5250e-17
   5.6729e-17  -1.0361e-17  -1.4256e-16  -4.0651e-01  -5.8748e-01   1.2071e-16   4.4012e-15  -2.6282e-01  -6.4849e-01   1.2124e-17
  -1.3971e-01  -3.6864e-01  -5.8908e-01  -1.2858e-16   1.0495e-16   2.7694e-01   2.6911e-01   3.1946e-15   7.4404e-16   5.9030e-01
  -6.5136e-01   4.3456e-01  -4.6521e-02  -1.6263e-16   1.3399e-16  -5.2680e-01  -1.9549e-02  -2.5478e-16  -1.1727e-16   3.2685e-01
  -2.7001e-01   4.3819e-01   3.6226e-01  -3.6195e-17  -3.5586e-17   7.3988e-01   1.9543e-01   2.1266e-15   5.2568e-16   1.3505e-01
Ea
  -28.8922
  -23.5651
  -17.2666
   -8.9179
   -8.9179
    6.0975
    9.6151
   10.4043
   10.4043
   18.8561
Eb
  -28.8922
  -23.5651
  -17.2666
   -8.9179
   -8.9179
    6.0975
    9.6151
   10.4043
   10.4043
   18.8561
Pa_old
   1.1087e-01  -1.1265e-15   1.1233e-16   1.9852e-01   2.4256e-01  -2.4404e-16  -3.4955e-16  -1.7023e-02  -4.1931e-03   4.8126e-03
  -1.1265e-15   5.2318e-01  -1.3317e-15  -7.3277e-16  -4.8119e-16   4.9946e-01  -1.2834e-15   1.7040e-16  -2.7823e-17  -5.0268e-17
   1.1233e-16  -1.3317e-15   5.2318e-01   4.3109e-16   4.6332e-16   7.9666e-16   4.9946e-01  -3.8014e-16  -7.7490e-17   8.2590e-17
   1.9852e-01  -7.3277e-16   4.3109e-16   6.3596e-01   1.8023e-01   1.0236e-15  -6.4411e-16  -3.2084e-01  -2.3744e-01   1.7593e-02
   2.4256e-01  -4.8119e-16   4.6332e-16   1.8023e-01   7.6193e-01   1.1370e-15  -3.3078e-16   2.4432e-01   1.7415e-01  -7.1591e-03
  -2.4404e-16   4.9946e-01   7.9666e-16   1.0236e-15   1.1370e-15   4.7682e-01   7.5768e-16  -3.8685e-16  -9.0881e-18   8.7924e-17
  -3.4955e-16  -1.2834e-15   4.9946e-01  -6.4411e-16  -3.3078e-16   7.5768e-16   4.7682e-01   1.4501e-16  -1.1986e-16  -4.7381e-17
  -1.7023e-02   1.7040e-16  -3.8014e-16  -3.2084e-01   2.4432e-01  -3.8685e-16   1.4501e-16   6.2778e-01  -1.9828e-01  -1.7731e-01
  -4.1931e-03  -2.7823e-17  -7.7490e-17  -2.3744e-01   1.7415e-01  -9.0881e-18  -1.1986e-16  -1.9828e-01   7.7677e-01   2.1763e-01
   4.8126e-03  -5.0268e-17   8.2590e-17   1.7593e-02  -7.1591e-03   8.7924e-17  -4.7381e-17  -1.7731e-01   2.1763e-01   8.6706e-02
Pb_old
   1.1087e-01  -1.1265e-15   1.1233e-16   1.9852e-01   2.4256e-01  -2.4404e-16  -3.4955e-16  -1.7023e-02  -4.1931e-03   4.8126e-03
  -1.1265e-15   5.2318e-01  -1.3317e-15  -7.3277e-16  -4.8119e-16   4.9946e-01  -1.2834e-15   1.7040e-16  -2.7823e-17  -5.0268e-17
   1.1233e-16  -1.3317e-15   5.2318e-01   4.3109e-16   4.6332e-16   7.9666e-16   4.9946e-01  -3.8014e-16  -7.7490e-17   8.2590e-17
   1.9852e-01  -7.3277e-16   4.3109e-16   6.3596e-01   1.8023e-01   1.0236e-15  -6.4411e-16  -3.2084e-01  -2.3744e-01   1.7593e-02
   2.4256e-01  -4.8119e-16   4.6332e-16   1.8023e-01   7.6193e-01   1.1370e-15  -3.3078e-16   2.4432e-01   1.7415e-01  -7.1591e-03
  -2.4404e-16   4.9946e-01   7.9666e-16   1.0236e-15   1.1370e-15   4.7682e-01   7.5768e-16  -3.8685e-16  -9.0881e-18   8.7924e-17
  -3.4955e-16  -1.2834e-15   4.9946e-01  -6.4411e-16  -3.3078e-16   7.5768e-16   4.7682e-01   1.4501e-16  -1.1986e-16  -4.7381e-17
  -1.7023e-02   1.7040e-16  -3.8014e-16  -3.2084e-01   2.4432e-01  -3.8685e-16   1.4501e-16   6.2778e-01  -1.9828e-01  -1.7731e-01
  -4.1931e-03  -2.7823e-17  -7.7490e-17  -2.3744e-01   1.7415e-01  -9.0881e-18  -1.1986e-16  -1.9828e-01   7.7677e-01   2.1763e-01
   4.8126e-03  -5.0268e-17   8.2590e-17   1.7593e-02  -7.1591e-03   8.7924e-17  -4.7381e-17  -1.7731e-01   2.1763e-01   8.6706e-02
Pa_new
   3.9252e-01  -5.2390e-16  -3.1740e-17   3.2839e-01   3.5808e-01   1.3520e-16  -3.4662e-16  -3.2049e-02  -2.6321e-02   2.5906e-02
  -5.2390e-16   4.8961e-01  -8.6375e-16  -2.2631e-16   9.1457e-17   4.9989e-01  -6.0597e-16   5.5842e-17  -2.8034e-17  -7.7550e-17
  -3.1740e-17  -8.6375e-16   4.8961e-01   1.1470e-16   2.5514e-16   5.1492e-16   4.9989e-01  -1.1983e-16  -6.3157e-17   8.9423e-17
   3.2839e-01  -2.2631e-16   1.1470e-16   4.9687e-01   5.5585e-02   4.5718e-16  -2.2940e-16  -2.6328e-01  -2.6051e-01   4.3380e-02
   3.5808e-01   9.1457e-17   2.5514e-16   5.5585e-02   5.9675e-01   5.5593e-16   7.2918e-17   2.5337e-01   2.1046e-01  -2.8989e-02
   1.3520e-16   4.9989e-01   5.1492e-16   4.5718e-16   5.5593e-16   5.1039e-01   8.3041e-16  -2.2658e-16  -9.8901e-17   9.4508e-17
  -3.4662e-16  -6.0597e-16   4.9989e-01  -2.2940e-16   7.2918e-17   8.3041e-16   5.1039e-01   7.0488e-17  -4.7426e-17  -3.5882e-17
  -3.2049e-02   5.5842e-17  -1.1983e-16  -2.6328e-01   2.5337e-01  -2.2658e-16   7.0488e-17   5.0243e-01  -4.1788e-02  -3.3721e-01
  -2.6321e-02  -2.8034e-17  -6.3157e-17  -2.6051e-01   2.1046e-01  -9.8901e-17  -4.7426e-17  -4.1788e-02   6.1527e-01   3.4944e-01
   2.5906e-02  -7.7550e-17   8.9423e-17   4.3380e-02  -2.8989e-02   9.4508e-17  -3.5882e-17  -3.3721e-01   3.4944e-01   3.9615e-01
Pb_new
   3.9252e-01  -5.2390e-16  -3.1740e-17   3.2839e-01   3.5808e-01   1.3520e-16  -3.4662e-16  -3.2049e-02  -2.6321e-02   2.5906e-02
  -5.2390e-16   4.8961e-01  -8.6375e-16  -2.2631e-16   9.1457e-17   4.9989e-01  -6.0597e-16   5.5842e-17  -2.8034e-17  -7.7550e-17
  -3.1740e-17  -8.6375e-16   4.8961e-01   1.1470e-16   2.5514e-16   5.1492e-16   4.9989e-01  -1.1983e-16  -6.3157e-17   8.9423e-17
   3.2839e-01  -2.2631e-16   1.1470e-16   4.9687e-01   5.5585e-02   4.5718e-16  -2.2940e-16  -2.6328e-01  -2.6051e-01   4.3380e-02
   3.5808e-01   9.1457e-17   2.5514e-16   5.5585e-02   5.9675e-01   5.5593e-16   7.2918e-17   2.5337e-01   2.1046e-01  -2.8989e-02
   1.3520e-16   4.9989e-01   5.1492e-16   4.5718e-16   5.5593e-16   5.1039e-01   8.3041e-16  -2.2658e-16  -9.8901e-17   9.4508e-17
  -3.4662e-16  -6.0597e-16   4.9989e-01  -2.2940e-16   7.2918e-17   8.3041e-16   5.1039e-01   7.0488e-17  -4.7426e-17  -3.5882e-17
  -3.2049e-02   5.5842e-17  -1.1983e-16  -2.6328e-01   2.5337e-01  -2.2658e-16   7.0488e-17   5.0243e-01  -4.1788e-02  -3.3721e-01
  -2.6321e-02  -2.8034e-17  -6.3157e-17  -2.6051e-01   2.1046e-01  -9.8901e-17  -4.7426e-17  -4.1788e-02   6.1527e-01   3.4944e-01
   2.5906e-02  -7.7550e-17   8.9423e-17   4.3380e-02  -2.8989e-02   9.4508e-17  -3.5882e-17  -3.3721e-01   3.4944e-01   3.9615e-01
P_t
   0.7923
   4.2770
   4.1457
   0.7850
Ga
   9.7617e+01   1.4982e-14  -1.4940e-15  -2.6402e+00  -3.2260e+00   1.5268e-15   2.1870e-15   1.0651e-01   2.6235e-02  -2.0973e-02
   1.4982e-14   1.2529e+02   2.2637e-14   1.2456e-14   8.1798e-15  -4.9860e+00   1.2812e-14  -1.7010e-15   2.7775e-16   3.0371e-16
  -1.4940e-15   2.2637e-14   1.2529e+02  -7.3280e-15  -7.8760e-15  -7.9529e-15  -4.9860e+00   3.7949e-15   7.7357e-16  -4.9899e-16
  -2.6402e+00   1.2456e-14  -7.3280e-15   1.2337e+02  -3.0638e+00  -1.0219e-14   6.4300e-15   3.2028e+00   2.3703e+00  -1.0629e-01
  -3.2260e+00   8.1798e-15  -7.8760e-15  -3.0638e+00   1.2123e+02  -1.1350e-14   3.3021e-15  -2.4391e+00  -1.7385e+00   4.3254e-02
   1.5268e-15  -4.9860e+00  -7.9529e-15  -1.0219e-14  -1.1350e-14   1.2445e+02  -1.2880e-14   6.5760e-15   1.5449e-16  -1.1123e-15
   2.1870e-15   1.2812e-14  -4.9860e+00   6.4300e-15   3.3021e-15  -1.2880e-14   1.2445e+02  -2.4650e-15   2.0375e-15   5.9942e-16
   1.0651e-01  -1.7010e-15   3.7949e-15   3.2028e+00  -2.4391e+00   6.5760e-15  -2.4650e-15   1.2188e+02   3.3705e+00   2.2432e+00
   2.6235e-02   2.7775e-16   7.7357e-16   2.3703e+00  -1.7385e+00   1.5449e-16   2.0375e-15   3.3705e+00   1.1935e+02  -2.7533e+00
  -2.0973e-02   3.0371e-16  -4.9899e-16  -1.0629e-01   4.3254e-02  -1.1123e-15   5.9942e-16   2.2432e+00  -2.7533e+00   9.1996e+01
Gb
   9.7617e+01   1.4982e-14  -1.4940e-15  -2.6402e+00  -3.2260e+00   1.5268e-15   2.1870e-15   1.0651e-01   2.6235e-02  -2.0973e-02
   1.4982e-14   1.2529e+02   2.2637e-14   1.2456e-14   8.1798e-15  -4.9860e+00   1.2812e-14  -1.7010e-15   2.7775e-16   3.0371e-16
  -1.4940e-15   2.2637e-14   1.2529e+02  -7.3280e-15  -7.8760e-15  -7.9529e-15  -4.9860e+00   3.7949e-15   7.7357e-16  -4.9899e-16
  -2.6402e+00   1.2456e-14  -7.3280e-15   1.2337e+02  -3.0638e+00  -1.0219e-14   6.4300e-15   3.2028e+00   2.3703e+00  -1.0629e-01
  -3.2260e+00   8.1798e-15  -7.8760e-15  -3.0638e+00   1.2123e+02  -1.1350e-14   3.3021e-15  -2.4391e+00  -1.7385e+00   4.3254e-02
   1.5268e-15  -4.9860e+00  -7.9529e-15  -1.0219e-14  -1.1350e-14   1.2445e+02  -1.2880e-14   6.5760e-15   1.5449e-16  -1.1123e-15
   2.1870e-15   1.2812e-14  -4.9860e+00   6.4300e-15   3.3021e-15  -1.2880e-14   1.2445e+02  -2.4650e-15   2.0375e-15   5.9942e-16
   1.0651e-01  -1.7010e-15   3.7949e-15   3.2028e+00  -2.4391e+00   6.5760e-15  -2.4650e-15   1.2188e+02   3.3705e+00   2.2432e+00
   2.6235e-02   2.7775e-16   7.7357e-16   2.3703e+00  -1.7385e+00   1.5449e-16   2.0375e-15   3.3705e+00   1.1935e+02  -2.7533e+00
  -2.0973e-02   3.0371e-16  -4.9899e-16  -1.0629e-01   4.3254e-02  -1.1123e-15   5.9942e-16   2.2432e+00  -2.7533e+00   9.1996e+01
Iteration: 2
Fa
  -6.6760e+00   6.9677e-15   4.2213e-16  -1.2110e+01  -1.3616e+01  -8.4592e-16   2.1687e-15  -1.2906e+00  -9.5335e-01  -1.9758e-01
   6.9677e-15  -4.2677e+00   1.4683e-14   3.8470e-15  -1.5547e-15  -9.6633e+00   6.0493e-15  -5.5746e-16   2.7985e-16   4.6854e-16
   4.2213e-16   1.4683e-14  -4.2677e+00  -1.9498e-15  -4.3370e-15  -5.1403e-15  -9.6633e+00   1.1962e-15   6.3049e-16  -5.4027e-16
  -1.2110e+01   3.8470e-15  -1.9498e-15  -4.3911e+00  -9.4489e-01  -4.5639e-15   2.2901e-15   9.5268e+00   1.0929e+01   1.0340e+00
  -1.3616e+01  -1.5547e-15  -4.3370e-15  -9.4489e-01  -1.4568e+01  -5.5497e-15  -7.2793e-16  -1.0858e+01  -1.0015e+01  -7.7871e-01
  -8.4592e-16  -9.6633e+00  -5.1403e-15  -4.5639e-15  -5.5497e-15  -3.5586e+00  -1.4116e-14   3.8517e-15   1.6812e-15  -1.1956e-15
   2.1687e-15   6.0493e-15  -9.6633e+00   2.2901e-15  -7.2793e-16  -1.4116e-14  -3.5586e+00  -1.1982e-15   8.0619e-16   4.5394e-16
  -1.2906e+00  -5.5746e-16   1.1962e-15   9.5268e+00  -1.0858e+01   3.8517e-15  -1.1982e-15  -3.4233e+00   7.1035e-01   1.1682e+01
  -9.5335e-01   2.7985e-16   6.3049e-16   1.0929e+01  -1.0015e+01   1.6812e-15   8.0619e-16   7.1035e-01  -1.3821e+01  -1.2526e+01
  -1.9758e-01   4.6854e-16  -5.4027e-16   1.0340e+00  -7.7871e-01  -1.1956e-15   4.5394e-16   1.1682e+01  -1.2526e+01  -5.9175e+00
Fb
  -6.6760e+00   6.9677e-15   4.2213e-16  -1.2110e+01  -1.3616e+01  -8.4592e-16   2.1687e-15  -1.2906e+00  -9.5335e-01  -1.9758e-01
   6.9677e-15  -4.2677e+00   1.4683e-14   3.8470e-15  -1.5547e-15  -9.6633e+00   6.0493e-15  -5.5746e-16   2.7985e-16   4.6854e-16
   4.2213e-16   1.4683e-14  -4.2677e+00  -1.9498e-15  -4.3370e-15  -5.1403e-15  -9.6633e+00   1.1962e-15   6.3049e-16  -5.4027e-16
  -1.2110e+01   3.8470e-15  -1.9498e-15  -4.3911e+00  -9.4489e-01  -4.5639e-15   2.2901e-15   9.5268e+00   1.0929e+01   1.0340e+00
  -1.3616e+01  -1.5547e-15  -4.3370e-15  -9.4489e-01  -1.4568e+01  -5.5497e-15  -7.2793e-16  -1.0858e+01  -1.0015e+01  -7.7871e-01
  -8.4592e-16  -9.6633e+00  -5.1403e-15  -4.5639e-15  -5.5497e-15  -3.5586e+00  -1.4116e-14   3.8517e-15   1.6812e-15  -1.1956e-15
   2.1687e-15   6.0493e-15  -9.6633e+00   2.2901e-15  -7.2793e-16  -1.4116e-14  -3.5586e+00  -1.1982e-15   8.0619e-16   4.5394e-16
  -1.2906e+00  -5.5746e-16   1.1962e-15   9.5268e+00  -1.0858e+01   3.8517e-15  -1.1982e-15  -3.4233e+00   7.1035e-01   1.1682e+01
  -9.5335e-01   2.7985e-16   6.3049e-16   1.0929e+01  -1.0015e+01   1.6812e-15   8.0619e-16   7.1035e-01  -1.3821e+01  -1.2526e+01
  -1.9758e-01   4.6854e-16  -5.4027e-16   1.0340e+00  -7.7871e-01  -1.1956e-15   4.5394e-16   1.1682e+01  -1.2526e+01  -5.9175e+00
Ca
  -3.1937e-01  -4.6986e-01  -3.5337e-01   1.1390e-16   1.9824e-16   8.6972e-16  -3.7596e-16   4.5365e-01  -5.2934e-01   2.5762e-01
   1.8594e-17   1.5599e-16   2.2789e-16  -1.5458e-02  -7.1979e-01  -3.4230e-01  -6.0373e-01   4.9207e-16  -1.5808e-16   1.6779e-17
  -9.2442e-17  -7.0630e-17   5.9568e-17  -7.1979e-01   1.5458e-02  -6.0373e-01   3.4230e-01   8.2009e-16  -4.2342e-16   4.4539e-18
   1.4149e-01  -4.2541e-01  -5.3060e-01  -2.1065e-16  -8.0954e-17  -1.8191e-16  -1.5687e-16   3.1687e-02   3.7534e-01  -6.1285e-01
  -6.7854e-01  -3.3604e-01   4.9498e-02   1.5668e-17  -2.1302e-16  -6.7758e-16   1.3244e-16  -5.1759e-01   3.3400e-01   2.1155e-01
   5.1322e-17  -5.1671e-17  -1.3810e-16  -1.4901e-02  -6.9386e-01   3.5509e-01   6.2629e-01  -1.2672e-16  -1.2526e-16  -3.5198e-17
  -9.1766e-17   7.8252e-17   3.1919e-16  -6.9386e-01   1.4901e-02   6.2629e-01  -3.5509e-01  -7.6058e-16   3.5719e-16  -2.3446e-17
  -2.1597e-01  -2.3875e-01   6.0348e-01   2.0477e-16   1.1648e-16   1.4591e-16   1.9639e-17   1.6330e-03  -3.6628e-01  -6.3088e-01
  -5.7511e-01   4.9197e-01  -5.4399e-02   9.3401e-17   1.3773e-16   4.3618e-16   2.9430e-17   5.3597e-01   3.0135e-01  -2.1491e-01
  -2.0043e-01   4.3163e-01  -4.7328e-01  -1.3753e-16  -2.2082e-17  -3.0545e-16  -1.4631e-16  -4.8789e-01  -4.9233e-01  -2.6288e-01
Cb
  -3.1937e-01  -4.6986e-01  -3.5337e-01   1.1390e-16   1.9824e-16   8.6972e-16  -3.7596e-16   4.5365e-01  -5.2934e-01   2.5762e-01
   1.8594e-17   1.5599e-16   2.2789e-16  -1.5458e-02  -7.1979e-01  -3.4230e-01  -6.0373e-01   4.9207e-16  -1.5808e-16   1.6779e-17
  -9.2442e-17  -7.0630e-17   5.9568e-17  -7.1979e-01   1.5458e-02  -6.0373e-01   3.4230e-01   8.2009e-16  -4.2342e-16   4.4539e-18
   1.4149e-01  -4.2541e-01  -5.3060e-01  -2.1065e-16  -8.0954e-17  -1.8191e-16  -1.5687e-16   3.1687e-02   3.7534e-01  -6.1285e-01
  -6.7854e-01  -3.3604e-01   4.9498e-02   1.5668e-17  -2.1302e-16  -6.7758e-16   1.3244e-16  -5.1759e-01   3.3400e-01   2.1155e-01
   5.1322e-17  -5.1671e-17  -1.3810e-16  -1.4901e-02  -6.9386e-01   3.5509e-01   6.2629e-01  -1.2672e-16  -1.2526e-16  -3.5198e-17
  -9.1766e-17   7.8252e-17   3.1919e-16  -6.9386e-01   1.4901e-02   6.2629e-01  -3.5509e-01  -7.6058e-16   3.5719e-16  -2.3446e-17
  -2.1597e-01  -2.3875e-01   6.0348e-01   2.0477e-16   1.1648e-16   1.4591e-16   1.9639e-17   1.6330e-03  -3.6628e-01  -6.3088e-01
  -5.7511e-01   4.9197e-01  -5.4399e-02   9.3401e-17   1.3773e-16   4.3618e-16   2.9430e-17   5.3597e-01   3.0135e-01  -2.1491e-01
  -2.0043e-01   4.3163e-01  -4.7328e-01  -1.3753e-16  -2.2082e-17  -3.0545e-16  -1.4631e-16  -4.8789e-01  -4.9233e-01  -2.6288e-01
Ea
  -32.9534
  -26.8547
  -21.1606
  -13.5829
  -13.5829
    5.7567
    5.7567
    7.0946
    9.9685
   15.1091
Eb
  -32.9534
  -26.8547
  -21.1606
  -13.5829
  -13.5829
    5.7567
    5.7567
    7.0946
    9.9685
   15.1091
Pa_old
   3.9252e-01  -5.2390e-16  -3.1740e-17   3.2839e-01   3.5808e-01   1.3520e-16  -3.4662e-16  -3.2049e-02  -2.6321e-02   2.5906e-02
  -5.2390e-16   4.8961e-01  -8.6375e-16  -2.2631e-16   9.1457e-17   4.9989e-01  -6.0597e-16   5.5842e-17  -2.8034e-17  -7.7550e-17
  -3.1740e-17  -8.6375e-16   4.8961e-01   1.1470e-16   2.5514e-16   5.1492e-16   4.9989e-01  -1.1983e-16  -6.3157e-17   8.9423e-17
   3.2839e-01  -2.2631e-16   1.1470e-16   4.9687e-01   5.5585e-02   4.5718e-16  -2.2940e-16  -2.6328e-01  -2.6051e-01   4.3380e-02
   3.5808e-01   9.1457e-17   2.5514e-16   5.5585e-02   5.9675e-01   5.5593e-16   7.2918e-17   2.5337e-01   2.1046e-01  -2.8989e-02
   1.3520e-16   4.9989e-01   5.1492e-16   4.5718e-16   5.5593e-16   5.1039e-01   8.3041e-16  -2.2658e-16  -9.8901e-17   9.4508e-17
  -3.4662e-16  -6.0597e-16   4.9989e-01  -2.2940e-16   7.2918e-17   8.3041e-16   5.1039e-01   7.0488e-17  -4.7426e-17  -3.5882e-17
  -3.2049e-02   5.5842e-17  -1.1983e-16  -2.6328e-01   2.5337e-01  -2.2658e-16   7.0488e-17   5.0243e-01  -4.1788e-02  -3.3721e-01
  -2.6321e-02  -2.8034e-17  -6.3157e-17  -2.6051e-01   2.1046e-01  -9.8901e-17  -4.7426e-17  -4.1788e-02   6.1527e-01   3.4944e-01
   2.5906e-02  -7.7550e-17   8.9423e-17   4.3380e-02  -2.8989e-02   9.4508e-17  -3.5882e-17  -3.3721e-01   3.4944e-01   3.9615e-01
Pb_old
   3.9252e-01  -5.2390e-16  -3.1740e-17   3.2839e-01   3.5808e-01   1.3520e-16  -3.4662e-16  -3.2049e-02  -2.6321e-02   2.5906e-02
  -5.2390e-16   4.8961e-01  -8.6375e-16  -2.2631e-16   9.1457e-17   4.9989e-01  -6.0597e-16   5.5842e-17  -2.8034e-17  -7.7550e-17
  -3.1740e-17  -8.6375e-16   4.8961e-01   1.1470e-16   2.5514e-16   5.1492e-16   4.9989e-01  -1.1983e-16  -6.3157e-17   8.9423e-17
   3.2839e-01  -2.2631e-16   1.1470e-16   4.9687e-01   5.5585e-02   4.5718e-16  -2.2940e-16  -2.6328e-01  -2.6051e-01   4.3380e-02
   3.5808e-01   9.1457e-17   2.5514e-16   5.5585e-02   5.9675e-01   5.5593e-16   7.2918e-17   2.5337e-01   2.1046e-01  -2.8989e-02
   1.3520e-16   4.9989e-01   5.1492e-16   4.5718e-16   5.5593e-16   5.1039e-01   8.3041e-16  -2.2658e-16  -9.8901e-17   9.4508e-17
  -3.4662e-16  -6.0597e-16   4.9989e-01  -2.2940e-16   7.2918e-17   8.3041e-16   5.1039e-01   7.0488e-17  -4.7426e-17  -3.5882e-17
  -3.2049e-02   5.5842e-17  -1.1983e-16  -2.6328e-01   2.5337e-01  -2.2658e-16   7.0488e-17   5.0243e-01  -4.1788e-02  -3.3721e-01
  -2.6321e-02  -2.8034e-17  -6.3157e-17  -2.6051e-01   2.1046e-01  -9.8901e-17  -4.7426e-17  -4.1788e-02   6.1527e-01   3.4944e-01
   2.5906e-02  -7.7550e-17   8.9423e-17   4.3380e-02  -2.8989e-02   9.4508e-17  -3.5882e-17  -3.3721e-01   3.4944e-01   3.9615e-01
Pa_new
   4.4763e-01  -3.0421e-16  -3.7260e-17   3.4219e-01   3.5711e-01  -8.2562e-17  -1.9633e-16  -3.2098e-02  -2.8263e-02   2.8445e-02
  -3.0421e-16   5.1833e-01  -6.4051e-16  -1.2312e-16   9.9333e-17   4.9966e-01  -4.0827e-16   9.2628e-18  -4.6930e-17  -2.6232e-17
  -3.7260e-17  -6.4051e-16   5.1833e-01   1.3573e-16   7.4838e-17   3.5764e-16   4.9966e-01  -7.2815e-17  -4.9924e-17   5.8499e-17
   3.4219e-01  -1.2312e-16   1.3573e-16   4.8253e-01   2.0681e-02   1.6183e-16  -7.0677e-17  -2.4920e-01  -2.6180e-01   3.9146e-02
   3.5711e-01   9.9333e-17   7.4838e-17   2.0681e-02   5.7579e-01   1.2328e-16   3.7725e-17   2.5664e-01   2.2222e-01  -3.2472e-02
  -8.2562e-17   4.9966e-01   3.5764e-16   1.6183e-16   1.2328e-16   4.8167e-01   5.4717e-16  -1.6596e-16  -1.4438e-16   5.0144e-17
  -1.9633e-16  -4.0827e-16   4.9966e-01  -7.0677e-17   3.7725e-17   5.4717e-16   4.8167e-01   5.3412e-17   1.1154e-17  -3.7996e-18
  -3.2098e-02   9.2628e-18  -7.2815e-17  -2.4920e-01   2.5664e-01  -1.6596e-16   5.3412e-17   4.6783e-01  -2.6079e-02  -3.4538e-01
  -2.8263e-02  -4.6930e-17  -4.9924e-17  -2.6180e-01   2.2222e-01  -1.4438e-16   1.1154e-17  -2.6079e-02   5.7574e-01   3.5336e-01
   2.8445e-02  -2.6232e-17   5.8499e-17   3.9146e-02  -3.2472e-02   5.0144e-17  -3.7996e-18  -3.4538e-01   3.5336e-01   4.5047e-01
Pb_new
   4.4763e-01  -3.0421e-16  -3.7260e-17   3.4219e-01   3.5711e-01  -8.2562e-17  -1.9633e-16  -3.2098e-02  -2.8263e-02   2.8445e-02
  -3.0421e-16   5.1833e-01  -6.4051e-16  -1.2312e-16   9.9333e-17   4.9966e-01  -4.0827e-16   9.2628e-18  -4.6930e-17  -2.6232e-17
  -3.7260e-17  -6.4051e-16   5.1833e-01   1.3573e-16   7.4838e-17   3.5764e-16   4.9966e-01  -7.2815e-17  -4.9924e-17   5.8499e-17
   3.4219e-01  -1.2312e-16   1.3573e-16   4.8253e-01   2.0681e-02   1.6183e-16  -7.0677e-17  -2.4920e-01  -2.6180e-01   3.9146e-02
   3.5711e-01   9.9333e-17   7.4838e-17   2.0681e-02   5.7579e-01   1.2328e-16   3.7725e-17   2.5664e-01   2.2222e-01  -3.2472e-02
  -8.2562e-17   4.9966e-01   3.5764e-16   1.6183e-16   1.2328e-16   4.8167e-01   5.4717e-16  -1.6596e-16  -1.4438e-16   5.0144e-17
  -1.9633e-16  -4.0827e-16   4.9966e-01  -7.0677e-17   3.7725e-17   5.4717e-16   4.8167e-01   5.3412e-17   1.1154e-17  -3.7996e-18
  -3.2098e-02   9.2628e-18  -7.2815e-17  -2.4920e-01   2.5664e-01  -1.6596e-16   5.3412e-17   4.6783e-01  -2.6079e-02  -3.4538e-01
  -2.8263e-02  -4.6930e-17  -4.9924e-17  -2.6180e-01   2.2222e-01  -1.4438e-16   1.1154e-17  -2.6079e-02   5.7574e-01   3.5336e-01
   2.8445e-02  -2.6232e-17   5.8499e-17   3.9146e-02  -3.2472e-02   5.0144e-17  -3.7996e-18  -3.4538e-01   3.5336e-01   4.5047e-01
P_t
   0.9009
   4.0138
   4.1900
   0.8953
Ga
   9.3622e+01   6.9677e-15   4.2213e-16  -4.3675e+00  -4.7623e+00  -8.4592e-16   2.1687e-15   2.0052e-01   1.6468e-01  -1.1290e-01
   6.9677e-15   1.2007e+02   1.4683e-14   3.8470e-15  -1.5547e-15  -4.9903e+00   6.0493e-15  -5.5746e-16   2.7985e-16   4.6854e-16
   4.2213e-16   1.4683e-14   1.2007e+02  -1.9498e-15  -4.3370e-15  -5.1403e-15  -4.9903e+00   1.1962e-15   6.3049e-16  -5.4027e-16
  -4.3675e+00   3.8470e-15  -1.9498e-15   1.1995e+02  -9.4489e-01  -4.5639e-15   2.2901e-15   2.6282e+00   2.6007e+00  -2.6209e-01
  -4.7623e+00  -1.5547e-15  -4.3370e-15  -9.4489e-01   1.1825e+02  -5.5497e-15  -7.2793e-16  -2.5293e+00  -2.1010e+00   1.7514e-01
  -8.4592e-16  -4.9903e+00  -5.1403e-15  -4.5639e-15  -5.5497e-15   1.2035e+02  -1.4116e-14   3.8517e-15   1.6812e-15  -1.1956e-15
   2.1687e-15   6.0493e-15  -4.9903e+00   2.2901e-15  -7.2793e-16  -1.4116e-14   1.2035e+02  -1.1982e-15   8.0619e-16   4.5394e-16
