Hello World!
lagrangeMatixAlpha
        0  -1.0000
  -1.0000        0
lagrangeMatixBeta
        0  -1.0000
  -1.0000        0
lagrangeContantsVectorAlpha
        0
  -1.0000
lagrangeContantsVectorBeta
        0
  -1.0000
lagrangeSolutionAlpha
   1.0000
        0
lagrangeSolutionBeta
   1.0000
        0
extrapolated matrices - linear combos of k previous matrices
extrapolatedFockMatrixAlpha
  -9.4589e+01            0            0  -6.9573e+00  -7.2752e+00            0            0  -1.4632e+00  -1.0943e+00  -6.6587e-02
            0  -1.2713e+02            0            0            0  -6.2448e+00            0            0            0            0
            0            0  -1.2713e+02            0            0            0  -6.2448e+00            0            0            0
  -6.9573e+00            0            0  -1.2713e+02  -1.4611e-15            0            0   6.5535e+00   9.4959e+00   1.4632e+00
  -7.2752e+00            0            0  -1.4611e-15  -1.3560e+02            0            0  -9.4959e+00  -9.7920e+00  -1.0943e+00
            0  -6.2448e+00            0            0            0  -1.2713e+02            0            0            0            0
            0            0  -6.2448e+00            0            0            0  -1.2713e+02            0            0            0
  -1.4632e+00            0            0   6.5535e+00  -9.4959e+00            0            0  -1.2713e+02  -1.8808e-15   6.9573e+00
  -1.0943e+00            0            0   9.4959e+00  -9.7920e+00            0            0  -1.8808e-15  -1.3560e+02  -7.2752e+00
  -6.6587e-02            0            0   1.4632e+00  -1.0943e+00            0            0   6.9573e+00  -7.2752e+00  -9.4589e+01
extrapolatedFockMatrixBeta
  -9.4589e+01            0            0  -6.9573e+00  -7.2752e+00            0            0  -1.4632e+00  -1.0943e+00  -6.6587e-02
            0  -1.2713e+02            0            0            0  -6.2448e+00            0            0            0            0
            0            0  -1.2713e+02            0            0            0  -6.2448e+00            0            0            0
  -6.9573e+00            0            0  -1.2713e+02  -1.4611e-15            0            0   6.5535e+00   9.4959e+00   1.4632e+00
  -7.2752e+00            0            0  -1.4611e-15  -1.3560e+02            0            0  -9.4959e+00  -9.7920e+00  -1.0943e+00
            0  -6.2448e+00            0            0            0  -1.2713e+02            0            0            0            0
            0            0  -6.2448e+00            0            0            0  -1.2713e+02            0            0            0
  -1.4632e+00            0            0   6.5535e+00  -9.4959e+00            0            0  -1.2713e+02  -1.8808e-15   6.9573e+00
  -1.0943e+00            0            0   9.4959e+00  -9.7920e+00            0            0  -1.8808e-15  -1.3560e+02  -7.2752e+00
  -6.6587e-02            0            0   1.4632e+00  -1.0943e+00            0            0   6.9573e+00  -7.2752e+00  -9.4589e+01
extrapolatedErrorMatrixAlpha
        0        0        0        0        0        0        0        0        0        0
        0        0        0        0        0        0        0        0        0        0
        0        0        0        0        0        0        0        0        0        0
        0        0        0        0        0        0        0        0        0        0
        0        0        0        0        0        0        0        0        0        0
        0        0        0        0        0        0        0        0        0        0
        0        0        0        0        0        0        0        0        0        0
        0        0        0        0        0        0        0        0        0        0
        0        0        0        0        0        0        0        0        0        0
        0        0        0        0        0        0        0        0        0        0
extrapolatedErrorMatrixBeta
        0        0        0        0        0        0        0        0        0        0
        0        0        0        0        0        0        0        0        0        0
        0        0        0        0        0        0        0        0        0        0
        0        0        0        0        0        0        0        0        0        0
        0        0        0        0        0        0        0        0        0        0
        0        0        0        0        0        0        0        0        0        0
        0        0        0        0        0        0        0        0        0        0
        0        0        0        0        0        0        0        0        0        0
        0        0        0        0        0        0        0        0        0        0
        0        0        0        0        0        0        0        0        0        0
new extrapolated matrices
newExtrapolatedDensityMatrixAlpha 0
   5.9701e-02  -8.9189e-17   8.2327e-17   1.5560e-01   1.7844e-01  -7.2622e-16  -3.9780e-16  -8.7446e-03  -1.8100e-03   2.3567e-03
  -8.9189e-17   5.0000e-01   1.0825e-15   7.8357e-16   1.0373e-15   5.0000e-01   6.1062e-16  -7.3233e-16  -1.5011e-16   1.3574e-16
   8.2327e-17   1.0825e-15   5.0000e-01   2.9025e-16   8.9707e-16   5.2736e-16   5.0000e-01  -1.5379e-15  -3.8744e-16   2.8036e-16
   1.5560e-01   7.8357e-16   2.9025e-16   6.7364e-01   2.1533e-01  -1.2801e-15  -1.7750e-15  -2.9756e-01  -2.4628e-01   8.7446e-03
   1.7844e-01   1.0373e-15   8.9707e-16   2.1533e-01   7.6666e-01  -4.7157e-16   2.5996e-16   2.4628e-01   2.0008e-01  -1.8100e-03
  -7.2622e-16   5.0000e-01   5.2736e-16  -1.2801e-15  -4.7157e-16   5.0000e-01   1.1102e-16   2.3626e-16  -3.1490e-16  -7.3692e-17
  -3.9780e-16   6.1062e-16   5.0000e-01  -1.7750e-15   2.5996e-16   1.1102e-16   5.0000e-01   3.1247e-16  -7.6082e-16  -1.1587e-16
  -8.7446e-03  -7.3233e-16  -1.5379e-15  -2.9756e-01   2.4628e-01   2.3626e-16   3.1247e-16   6.7364e-01  -2.1533e-01  -1.5560e-01
  -1.8100e-03  -1.5011e-16  -3.8744e-16  -2.4628e-01   2.0008e-01  -3.1490e-16  -7.6082e-16  -2.1533e-01   7.6666e-01   1.7844e-01
   2.3567e-03   1.3574e-16   2.8036e-16   8.7446e-03  -1.8100e-03  -7.3692e-17  -1.1587e-16  -1.5560e-01   1.7844e-01   5.9701e-02
newExtrapolatedDensityMatrixBeta 0
   5.9701e-02  -8.9189e-17   8.2327e-17   1.5560e-01   1.7844e-01  -7.2622e-16  -3.9780e-16  -8.7446e-03  -1.8100e-03   2.3567e-03
  -8.9189e-17   5.0000e-01   1.0825e-15   7.8357e-16   1.0373e-15   5.0000e-01   6.1062e-16  -7.3233e-16  -1.5011e-16   1.3574e-16
   8.2327e-17   1.0825e-15   5.0000e-01   2.9025e-16   8.9707e-16   5.2736e-16   5.0000e-01  -1.5379e-15  -3.8744e-16   2.8036e-16
   1.5560e-01   7.8357e-16   2.9025e-16   6.7364e-01   2.1533e-01  -1.2801e-15  -1.7750e-15  -2.9756e-01  -2.4628e-01   8.7446e-03
   1.7844e-01   1.0373e-15   8.9707e-16   2.1533e-01   7.6666e-01  -4.7157e-16   2.5996e-16   2.4628e-01   2.0008e-01  -1.8100e-03
  -7.2622e-16   5.0000e-01   5.2736e-16  -1.2801e-15  -4.7157e-16   5.0000e-01   1.1102e-16   2.3626e-16  -3.1490e-16  -7.3692e-17
  -3.9780e-16   6.1062e-16   5.0000e-01  -1.7750e-15   2.5996e-16   1.1102e-16   5.0000e-01   3.1247e-16  -7.6082e-16  -1.1587e-16
  -8.7446e-03  -7.3233e-16  -1.5379e-15  -2.9756e-01   2.4628e-01   2.3626e-16   3.1247e-16   6.7364e-01  -2.1533e-01  -1.5560e-01
  -1.8100e-03  -1.5011e-16  -3.8744e-16  -2.4628e-01   2.0008e-01  -3.1490e-16  -7.6082e-16  -2.1533e-01   7.6666e-01   1.7844e-01
   2.3567e-03   1.3574e-16   2.8036e-16   8.7446e-03  -1.8100e-03  -7.3692e-17  -1.1587e-16  -1.5560e-01   1.7844e-01   5.9701e-02
newExtrapolatedFockMatrixAlpha 0
  -4.1808e+00   1.0646e-15  -9.8269e-16  -8.8146e+00  -9.4051e+00   4.5217e-15   2.4769e-15  -1.4088e+00  -1.0830e+00  -7.6539e-02
   1.0646e-15   3.0663e+00  -1.8401e-14  -1.3320e-14  -1.7633e-14  -1.1732e+01  -6.7007e-15   8.0362e-15   1.6473e-15  -8.4518e-16
  -9.8269e-16  -1.8401e-14   3.0663e+00  -4.9339e-15  -1.5249e-14  -5.7869e-15  -1.1732e+01   1.6876e-14   4.2516e-15  -1.7456e-15
  -8.8146e+00  -1.3320e-14  -4.9339e-15   1.1461e-01  -3.6603e+00   1.4047e-14   1.9478e-14   9.8188e+00   1.2198e+01   1.4088e+00
  -9.4051e+00  -1.7633e-14  -1.5249e-14  -3.6603e+00  -9.9456e+00   5.1748e-15  -2.8527e-15  -1.2198e+01  -1.1988e+01  -1.0830e+00
   4.5217e-15  -1.1732e+01  -5.7869e-15   1.4047e-14   5.1748e-15   3.0663e+00  -1.8873e-15  -4.0161e-15   5.3530e-15   8.7962e-16
   2.4769e-15  -6.7007e-15  -1.1732e+01   1.9478e-14  -2.8527e-15  -1.8873e-15   3.0663e+00  -5.3116e-15   1.2933e-14   1.3831e-15
  -1.4088e+00   8.0362e-15   1.6876e-14   9.8188e+00  -1.2198e+01  -4.0161e-15  -5.3116e-15   1.1461e-01   3.6603e+00   8.8146e+00
  -1.0830e+00   1.6473e-15   4.2516e-15   1.2198e+01  -1.1988e+01   5.3530e-15   1.2933e-14   3.6603e+00  -9.9456e+00  -9.4051e+00
  -7.6539e-02  -8.4518e-16  -1.7456e-15   1.4088e+00  -1.0830e+00   8.7962e-16   1.3831e-15   8.8146e+00  -9.4051e+00  -4.1808e+00
newExtrapolatedFockMatrixBeta 0
  -4.1808e+00   1.0646e-15  -9.8269e-16  -8.8146e+00  -9.4051e+00   4.5217e-15   2.4769e-15  -1.4088e+00  -1.0830e+00  -7.6539e-02
   1.0646e-15   3.0663e+00  -1.8401e-14  -1.3320e-14  -1.7633e-14  -1.1732e+01  -6.7007e-15   8.0362e-15   1.6473e-15  -8.4518e-16
  -9.8269e-16  -1.8401e-14   3.0663e+00  -4.9339e-15  -1.5249e-14  -5.7869e-15  -1.1732e+01   1.6876e-14   4.2516e-15  -1.7456e-15
  -8.8146e+00  -1.3320e-14  -4.9339e-15   1.1461e-01  -3.6603e+00   1.4047e-14   1.9478e-14   9.8188e+00   1.2198e+01   1.4088e+00
  -9.4051e+00  -1.7633e-14  -1.5249e-14  -3.6603e+00  -9.9456e+00   5.1748e-15  -2.8527e-15  -1.2198e+01  -1.1988e+01  -1.0830e+00
   4.5217e-15  -1.1732e+01  -5.7869e-15   1.4047e-14   5.1748e-15   3.0663e+00  -1.8873e-15  -4.0161e-15   5.3530e-15   8.7962e-16
   2.4769e-15  -6.7007e-15  -1.1732e+01   1.9478e-14  -2.8527e-15  -1.8873e-15   3.0663e+00  -5.3116e-15   1.2933e-14   1.3831e-15
  -1.4088e+00   8.0362e-15   1.6876e-14   9.8188e+00  -1.2198e+01  -4.0161e-15  -5.3116e-15   1.1461e-01   3.6603e+00   8.8146e+00
  -1.0830e+00   1.6473e-15   4.2516e-15   1.2198e+01  -1.1988e+01   5.3530e-15   1.2933e-14   3.6603e+00  -9.9456e+00  -9.4051e+00
  -7.6539e-02  -8.4518e-16  -1.7456e-15   1.4088e+00  -1.0830e+00   8.7962e-16   1.3831e-15   8.8146e+00  -9.4051e+00  -4.1808e+00
newExtrapolatedErrorMatrixAlpha 0
            0  -1.5328e-14  -9.2404e-15  -6.6622e+00  -7.6382e+00   1.9336e-14   1.5493e-14   3.5914e-01   9.7818e-02  -1.8666e-15
   1.5328e-14            0   5.1998e-16   1.3399e-14   2.8155e-15   1.0658e-14   3.1398e-15   2.0454e-15   4.1099e-15   5.7981e-15
   9.2404e-15  -5.1998e-16            0   2.5004e-14  -1.1509e-14   3.1398e-15   2.8422e-14   1.6143e-15   8.3402e-15   1.2064e-14
   6.6622e+00  -1.3399e-14  -2.5004e-14            0   1.2990e-14   8.6716e-15   7.9544e-16  -4.0412e-14  -1.0322e-03   3.5914e-01
   7.6382e+00  -2.8155e-15   1.1509e-14  -1.2990e-14            0   1.6685e-14   1.0037e-14  -1.0322e-03   7.9936e-15  -9.7818e-02
  -1.9336e-14  -1.0658e-14  -3.1398e-15  -8.6716e-15  -1.6685e-14            0  -5.1998e-16   7.9342e-15   4.4743e-15  -4.1942e-15
  -1.5493e-14  -3.1398e-15  -2.8422e-14  -7.9544e-16  -1.0037e-14   5.1998e-16            0   2.3929e-14   1.4091e-14  -7.7077e-15
  -3.5914e-01  -2.0454e-15  -1.6143e-15   4.0412e-14   1.0322e-03  -7.9342e-15  -2.3929e-14            0   8.3267e-15  -6.6622e+00
  -9.7818e-02  -4.1099e-15  -8.3402e-15   1.0322e-03  -7.9936e-15  -4.4743e-15  -1.4091e-14  -8.9928e-15            0   7.6382e+00
   1.8666e-15  -5.7981e-15  -1.2064e-14  -3.5914e-01   9.7818e-02   4.1942e-15   7.7077e-15   6.6622e+00  -7.6382e+00  -4.4409e-16
newExtrapolatedErrorMatrixBeta 0
            0  -1.5328e-14  -9.2404e-15  -6.6622e+00  -7.6382e+00   1.9336e-14   1.5493e-14   3.5914e-01   9.7818e-02  -1.8666e-15
   1.5328e-14            0   5.1998e-16   1.3399e-14   2.8155e-15   1.0658e-14   3.1398e-15   2.0454e-15   4.1099e-15   5.7981e-15
   9.2404e-15  -5.1998e-16            0   2.5004e-14  -1.1509e-14   3.1398e-15   2.8422e-14   1.6143e-15   8.3402e-15   1.2064e-14
   6.6622e+00  -1.3399e-14  -2.5004e-14            0   1.2990e-14   8.6716e-15   7.9544e-16  -4.0412e-14  -1.0322e-03   3.5914e-01
   7.6382e+00  -2.8155e-15   1.1509e-14  -1.2990e-14            0   1.6685e-14   1.0037e-14  -1.0322e-03   7.9936e-15  -9.7818e-02
  -1.9336e-14  -1.0658e-14  -3.1398e-15  -8.6716e-15  -1.6685e-14            0  -5.1998e-16   7.9342e-15   4.4743e-15  -4.1942e-15
  -1.5493e-14  -3.1398e-15  -2.8422e-14  -7.9544e-16  -1.0037e-14   5.1998e-16            0   2.3929e-14   1.4091e-14  -7.7077e-15
  -3.5914e-01  -2.0454e-15  -1.6143e-15   4.0412e-14   1.0322e-03  -7.9342e-15  -2.3929e-14            0   8.3267e-15  -6.6622e+00
  -9.7818e-02  -4.1099e-15  -8.3402e-15   1.0322e-03  -7.9936e-15  -4.4743e-15  -1.4091e-14  -8.9928e-15            0   7.6382e+00
   1.8666e-15  -5.7981e-15  -1.2064e-14  -3.5914e-01   9.7818e-02   4.1942e-15   7.7077e-15   6.6622e+00  -7.6382e+00  -4.4409e-16
Density matrices queue
kPrevDensityMatricesAlpha 0
   5.9701e-02  -8.9189e-17   8.2327e-17   1.5560e-01   1.7844e-01  -7.2622e-16  -3.9780e-16  -8.7446e-03  -1.8100e-03   2.3567e-03
  -8.9189e-17   5.0000e-01   1.0825e-15   7.8357e-16   1.0373e-15   5.0000e-01   6.1062e-16  -7.3233e-16  -1.5011e-16   1.3574e-16
   8.2327e-17   1.0825e-15   5.0000e-01   2.9025e-16   8.9707e-16   5.2736e-16   5.0000e-01  -1.5379e-15  -3.8744e-16   2.8036e-16
   1.5560e-01   7.8357e-16   2.9025e-16   6.7364e-01   2.1533e-01  -1.2801e-15  -1.7750e-15  -2.9756e-01  -2.4628e-01   8.7446e-03
   1.7844e-01   1.0373e-15   8.9707e-16   2.1533e-01   7.6666e-01  -4.7157e-16   2.5996e-16   2.4628e-01   2.0008e-01  -1.8100e-03
  -7.2622e-16   5.0000e-01   5.2736e-16  -1.2801e-15  -4.7157e-16   5.0000e-01   1.1102e-16   2.3626e-16  -3.1490e-16  -7.3692e-17
  -3.9780e-16   6.1062e-16   5.0000e-01  -1.7750e-15   2.5996e-16   1.1102e-16   5.0000e-01   3.1247e-16  -7.6082e-16  -1.1587e-16
  -8.7446e-03  -7.3233e-16  -1.5379e-15  -2.9756e-01   2.4628e-01   2.3626e-16   3.1247e-16   6.7364e-01  -2.1533e-01  -1.5560e-01
  -1.8100e-03  -1.5011e-16  -3.8744e-16  -2.4628e-01   2.0008e-01  -3.1490e-16  -7.6082e-16  -2.1533e-01   7.6666e-01   1.7844e-01
   2.3567e-03   1.3574e-16   2.8036e-16   8.7446e-03  -1.8100e-03  -7.3692e-17  -1.1587e-16  -1.5560e-01   1.7844e-01   5.9701e-02
kPrevDensityMatricesBeta 0
   5.9701e-02  -8.9189e-17   8.2327e-17   1.5560e-01   1.7844e-01  -7.2622e-16  -3.9780e-16  -8.7446e-03  -1.8100e-03   2.3567e-03
  -8.9189e-17   5.0000e-01   1.0825e-15   7.8357e-16   1.0373e-15   5.0000e-01   6.1062e-16  -7.3233e-16  -1.5011e-16   1.3574e-16
   8.2327e-17   1.0825e-15   5.0000e-01   2.9025e-16   8.9707e-16   5.2736e-16   5.0000e-01  -1.5379e-15  -3.8744e-16   2.8036e-16
   1.5560e-01   7.8357e-16   2.9025e-16   6.7364e-01   2.1533e-01  -1.2801e-15  -1.7750e-15  -2.9756e-01  -2.4628e-01   8.7446e-03
   1.7844e-01   1.0373e-15   8.9707e-16   2.1533e-01   7.6666e-01  -4.7157e-16   2.5996e-16   2.4628e-01   2.0008e-01  -1.8100e-03
  -7.2622e-16   5.0000e-01   5.2736e-16  -1.2801e-15  -4.7157e-16   5.0000e-01   1.1102e-16   2.3626e-16  -3.1490e-16  -7.3692e-17
  -3.9780e-16   6.1062e-16   5.0000e-01  -1.7750e-15   2.5996e-16   1.1102e-16   5.0000e-01   3.1247e-16  -7.6082e-16  -1.1587e-16
  -8.7446e-03  -7.3233e-16  -1.5379e-15  -2.9756e-01   2.4628e-01   2.3626e-16   3.1247e-16   6.7364e-01  -2.1533e-01  -1.5560e-01
  -1.8100e-03  -1.5011e-16  -3.8744e-16  -2.4628e-01   2.0008e-01  -3.1490e-16  -7.6082e-16  -2.1533e-01   7.6666e-01   1.7844e-01
   2.3567e-03   1.3574e-16   2.8036e-16   8.7446e-03  -1.8100e-03  -7.3692e-17  -1.1587e-16  -1.5560e-01   1.7844e-01   5.9701e-02
Fock matrices queue
kPrevFockMatricesAlpha 0
  -4.1808e+00   1.0646e-15  -9.8269e-16  -8.8146e+00  -9.4051e+00   4.5217e-15   2.4769e-15  -1.4088e+00  -1.0830e+00  -7.6539e-02
   1.0646e-15   3.0663e+00  -1.8401e-14  -1.3320e-14  -1.7633e-14  -1.1732e+01  -6.7007e-15   8.0362e-15   1.6473e-15  -8.4518e-16
  -9.8269e-16  -1.8401e-14   3.0663e+00  -4.9339e-15  -1.5249e-14  -5.7869e-15  -1.1732e+01   1.6876e-14   4.2516e-15  -1.7456e-15
  -8.8146e+00  -1.3320e-14  -4.9339e-15   1.1461e-01  -3.6603e+00   1.4047e-14   1.9478e-14   9.8188e+00   1.2198e+01   1.4088e+00
  -9.4051e+00  -1.7633e-14  -1.5249e-14  -3.6603e+00  -9.9456e+00   5.1748e-15  -2.8527e-15  -1.2198e+01  -1.1988e+01  -1.0830e+00
   4.5217e-15  -1.1732e+01  -5.7869e-15   1.4047e-14   5.1748e-15   3.0663e+00  -1.8873e-15  -4.0161e-15   5.3530e-15   8.7962e-16
   2.4769e-15  -6.7007e-15  -1.1732e+01   1.9478e-14  -2.8527e-15  -1.8873e-15   3.0663e+00  -5.3116e-15   1.2933e-14   1.3831e-15
  -1.4088e+00   8.0362e-15   1.6876e-14   9.8188e+00  -1.2198e+01  -4.0161e-15  -5.3116e-15   1.1461e-01   3.6603e+00   8.8146e+00
  -1.0830e+00   1.6473e-15   4.2516e-15   1.2198e+01  -1.1988e+01   5.3530e-15   1.2933e-14   3.6603e+00  -9.9456e+00  -9.4051e+00
  -7.6539e-02  -8.4518e-16  -1.7456e-15   1.4088e+00  -1.0830e+00   8.7962e-16   1.3831e-15   8.8146e+00  -9.4051e+00  -4.1808e+00
kPrevFockMatricesBeta 0
  -4.1808e+00   1.0646e-15  -9.8269e-16  -8.8146e+00  -9.4051e+00   4.5217e-15   2.4769e-15  -1.4088e+00  -1.0830e+00  -7.6539e-02
   1.0646e-15   3.0663e+00  -1.8401e-14  -1.3320e-14  -1.7633e-14  -1.1732e+01  -6.7007e-15   8.0362e-15   1.6473e-15  -8.4518e-16
  -9.8269e-16  -1.8401e-14   3.0663e+00  -4.9339e-15  -1.5249e-14  -5.7869e-15  -1.1732e+01   1.6876e-14   4.2516e-15  -1.7456e-15
  -8.8146e+00  -1.3320e-14  -4.9339e-15   1.1461e-01  -3.6603e+00   1.4047e-14   1.9478e-14   9.8188e+00   1.2198e+01   1.4088e+00
  -9.4051e+00  -1.7633e-14  -1.5249e-14  -3.6603e+00  -9.9456e+00   5.1748e-15  -2.8527e-15  -1.2198e+01  -1.1988e+01  -1.0830e+00
   4.5217e-15  -1.1732e+01  -5.7869e-15   1.4047e-14   5.1748e-15   3.0663e+00  -1.8873e-15  -4.0161e-15   5.3530e-15   8.7962e-16
   2.4769e-15  -6.7007e-15  -1.1732e+01   1.9478e-14  -2.8527e-15  -1.8873e-15   3.0663e+00  -5.3116e-15   1.2933e-14   1.3831e-15
  -1.4088e+00   8.0362e-15   1.6876e-14   9.8188e+00  -1.2198e+01  -4.0161e-15  -5.3116e-15   1.1461e-01   3.6603e+00   8.8146e+00
  -1.0830e+00   1.6473e-15   4.2516e-15   1.2198e+01  -1.1988e+01   5.3530e-15   1.2933e-14   3.6603e+00  -9.9456e+00  -9.4051e+00
  -7.6539e-02  -8.4518e-16  -1.7456e-15   1.4088e+00  -1.0830e+00   8.7962e-16   1.3831e-15   8.8146e+00  -9.4051e+00  -4.1808e+00
Error matrices queue
kPrevErrorMatricesAlpha 0
            0  -1.5328e-14  -9.2404e-15  -6.6622e+00  -7.6382e+00   1.9336e-14   1.5493e-14   3.5914e-01   9.7818e-02  -1.8666e-15
   1.5328e-14            0   5.1998e-16   1.3399e-14   2.8155e-15   1.0658e-14   3.1398e-15   2.0454e-15   4.1099e-15   5.7981e-15
   9.2404e-15  -5.1998e-16            0   2.5004e-14  -1.1509e-14   3.1398e-15   2.8422e-14   1.6143e-15   8.3402e-15   1.2064e-14
   6.6622e+00  -1.3399e-14  -2.5004e-14            0   1.2990e-14   8.6716e-15   7.9544e-16  -4.0412e-14  -1.0322e-03   3.5914e-01
   7.6382e+00  -2.8155e-15   1.1509e-14  -1.2990e-14            0   1.6685e-14   1.0037e-14  -1.0322e-03   7.9936e-15  -9.7818e-02
  -1.9336e-14  -1.0658e-14  -3.1398e-15  -8.6716e-15  -1.6685e-14            0  -5.1998e-16   7.9342e-15   4.4743e-15  -4.1942e-15
  -1.5493e-14  -3.1398e-15  -2.8422e-14  -7.9544e-16  -1.0037e-14   5.1998e-16            0   2.3929e-14   1.4091e-14  -7.7077e-15
  -3.5914e-01  -2.0454e-15  -1.6143e-15   4.0412e-14   1.0322e-03  -7.9342e-15  -2.3929e-14            0   8.3267e-15  -6.6622e+00
  -9.7818e-02  -4.1099e-15  -8.3402e-15   1.0322e-03  -7.9936e-15  -4.4743e-15  -1.4091e-14  -8.9928e-15            0   7.6382e+00
   1.8666e-15  -5.7981e-15  -1.2064e-14  -3.5914e-01   9.7818e-02   4.1942e-15   7.7077e-15   6.6622e+00  -7.6382e+00  -4.4409e-16
kPrevErrorMatricesBeta 0
            0  -1.5328e-14  -9.2404e-15  -6.6622e+00  -7.6382e+00   1.9336e-14   1.5493e-14   3.5914e-01   9.7818e-02  -1.8666e-15
   1.5328e-14            0   5.1998e-16   1.3399e-14   2.8155e-15   1.0658e-14   3.1398e-15   2.0454e-15   4.1099e-15   5.7981e-15
   9.2404e-15  -5.1998e-16            0   2.5004e-14  -1.1509e-14   3.1398e-15   2.8422e-14   1.6143e-15   8.3402e-15   1.2064e-14
   6.6622e+00  -1.3399e-14  -2.5004e-14            0   1.2990e-14   8.6716e-15   7.9544e-16  -4.0412e-14  -1.0322e-03   3.5914e-01
   7.6382e+00  -2.8155e-15   1.1509e-14  -1.2990e-14            0   1.6685e-14   1.0037e-14  -1.0322e-03   7.9936e-15  -9.7818e-02
  -1.9336e-14  -1.0658e-14  -3.1398e-15  -8.6716e-15  -1.6685e-14            0  -5.1998e-16   7.9342e-15   4.4743e-15  -4.1942e-15
  -1.5493e-14  -3.1398e-15  -2.8422e-14  -7.9544e-16  -1.0037e-14   5.1998e-16            0   2.3929e-14   1.4091e-14  -7.7077e-15
  -3.5914e-01  -2.0454e-15  -1.6143e-15   4.0412e-14   1.0322e-03  -7.9342e-15  -2.3929e-14            0   8.3267e-15  -6.6622e+00
  -9.7818e-02  -4.1099e-15  -8.3402e-15   1.0322e-03  -7.9936e-15  -4.4743e-15  -1.4091e-14  -8.9928e-15            0   7.6382e+00
   1.8666e-15  -5.7981e-15  -1.2064e-14  -3.5914e-01   9.7818e-02   4.1942e-15   7.7077e-15   6.6622e+00  -7.6382e+00  -4.4409e-16
Iteration count: 0, queueSize: 0, totaLEnergy-405.529, totalEnergyOld: 0
lagrangeMatixAlpha
   4.1146e+02  -1.0000e+00
  -1.0000e+00            0
lagrangeMatixBeta
   4.1146e+02  -1.0000e+00
  -1.0000e+00            0
lagrangeContantsVectorAlpha
        0
  -1.0000
lagrangeContantsVectorBeta
        0
  -1.0000
lagrangeSolutionAlpha
   1.0000e+00
   4.1146e+02
lagrangeSolutionBeta
   1.0000e+00
   4.1146e+02
extrapolated matrices - linear combos of k previous matrices
extrapolatedFockMatrixAlpha
  -4.1808e+00   1.0646e-15  -9.8269e-16  -8.8146e+00  -9.4051e+00   4.5217e-15   2.4769e-15  -1.4088e+00  -1.0830e+00  -7.6539e-02
   1.0646e-15   3.0663e+00  -1.8401e-14  -1.3320e-14  -1.7633e-14  -1.1732e+01  -6.7007e-15   8.0362e-15   1.6473e-15  -8.4518e-16
  -9.8269e-16  -1.8401e-14   3.0663e+00  -4.9339e-15  -1.5249e-14  -5.7869e-15  -1.1732e+01   1.6876e-14   4.2516e-15  -1.7456e-15
  -8.8146e+00  -1.3320e-14  -4.9339e-15   1.1461e-01  -3.6603e+00   1.4047e-14   1.9478e-14   9.8188e+00   1.2198e+01   1.4088e+00
  -9.4051e+00  -1.7633e-14  -1.5249e-14  -3.6603e+00  -9.9456e+00   5.1748e-15  -2.8527e-15  -1.2198e+01  -1.1988e+01  -1.0830e+00
   4.5217e-15  -1.1732e+01  -5.7869e-15   1.4047e-14   5.1748e-15   3.0663e+00  -1.8873e-15  -4.0161e-15   5.3530e-15   8.7962e-16
   2.4769e-15  -6.7007e-15  -1.1732e+01   1.9478e-14  -2.8527e-15  -1.8873e-15   3.0663e+00  -5.3116e-15   1.2933e-14   1.3831e-15
  -1.4088e+00   8.0362e-15   1.6876e-14   9.8188e+00  -1.2198e+01  -4.0161e-15  -5.3116e-15   1.1461e-01   3.6603e+00   8.8146e+00
  -1.0830e+00   1.6473e-15   4.2516e-15   1.2198e+01  -1.1988e+01   5.3530e-15   1.2933e-14   3.6603e+00  -9.9456e+00  -9.4051e+00
  -7.6539e-02  -8.4518e-16  -1.7456e-15   1.4088e+00  -1.0830e+00   8.7962e-16   1.3831e-15   8.8146e+00  -9.4051e+00  -4.1808e+00
extrapolatedFockMatrixBeta
  -4.1808e+00   1.0646e-15  -9.8269e-16  -8.8146e+00  -9.4051e+00   4.5217e-15   2.4769e-15  -1.4088e+00  -1.0830e+00  -7.6539e-02
   1.0646e-15   3.0663e+00  -1.8401e-14  -1.3320e-14  -1.7633e-14  -1.1732e+01  -6.7007e-15   8.0362e-15   1.6473e-15  -8.4518e-16
  -9.8269e-16  -1.8401e-14   3.0663e+00  -4.9339e-15  -1.5249e-14  -5.7869e-15  -1.1732e+01   1.6876e-14   4.2516e-15  -1.7456e-15
  -8.8146e+00  -1.3320e-14  -4.9339e-15   1.1461e-01  -3.6603e+00   1.4047e-14   1.9478e-14   9.8188e+00   1.2198e+01   1.4088e+00
  -9.4051e+00  -1.7633e-14  -1.5249e-14  -3.6603e+00  -9.9456e+00   5.1748e-15  -2.8527e-15  -1.2198e+01  -1.1988e+01  -1.0830e+00
   4.5217e-15  -1.1732e+01  -5.7869e-15   1.4047e-14   5.1748e-15   3.0663e+00  -1.8873e-15  -4.0161e-15   5.3530e-15   8.7962e-16
   2.4769e-15  -6.7007e-15  -1.1732e+01   1.9478e-14  -2.8527e-15  -1.8873e-15   3.0663e+00  -5.3116e-15   1.2933e-14   1.3831e-15
  -1.4088e+00   8.0362e-15   1.6876e-14   9.8188e+00  -1.2198e+01  -4.0161e-15  -5.3116e-15   1.1461e-01   3.6603e+00   8.8146e+00
  -1.0830e+00   1.6473e-15   4.2516e-15   1.2198e+01  -1.1988e+01   5.3530e-15   1.2933e-14   3.6603e+00  -9.9456e+00  -9.4051e+00
  -7.6539e-02  -8.4518e-16  -1.7456e-15   1.4088e+00  -1.0830e+00   8.7962e-16   1.3831e-15   8.8146e+00  -9.4051e+00  -4.1808e+00
extrapolatedErrorMatrixAlpha
            0  -1.5328e-14  -9.2404e-15  -6.6622e+00  -7.6382e+00   1.9336e-14   1.5493e-14   3.5914e-01   9.7818e-02  -1.8666e-15
   1.5328e-14            0   5.1998e-16   1.3399e-14   2.8155e-15   1.0658e-14   3.1398e-15   2.0454e-15   4.1099e-15   5.7981e-15
   9.2404e-15  -5.1998e-16            0   2.5004e-14  -1.1509e-14   3.1398e-15   2.8422e-14   1.6143e-15   8.3402e-15   1.2064e-14
   6.6622e+00  -1.3399e-14  -2.5004e-14            0   1.2990e-14   8.6716e-15   7.9544e-16  -4.0412e-14  -1.0322e-03   3.5914e-01
   7.6382e+00  -2.8155e-15   1.1509e-14  -1.2990e-14            0   1.6685e-14   1.0037e-14  -1.0322e-03   7.9936e-15  -9.7818e-02
  -1.9336e-14  -1.0658e-14  -3.1398e-15  -8.6716e-15  -1.6685e-14            0  -5.1998e-16   7.9342e-15   4.4743e-15  -4.1942e-15
  -1.5493e-14  -3.1398e-15  -2.8422e-14  -7.9544e-16  -1.0037e-14   5.1998e-16            0   2.3929e-14   1.4091e-14  -7.7077e-15
  -3.5914e-01  -2.0454e-15  -1.6143e-15   4.0412e-14   1.0322e-03  -7.9342e-15  -2.3929e-14            0   8.3267e-15  -6.6622e+00
  -9.7818e-02  -4.1099e-15  -8.3402e-15   1.0322e-03  -7.9936e-15  -4.4743e-15  -1.4091e-14  -8.9928e-15            0   7.6382e+00
   1.8666e-15  -5.7981e-15  -1.2064e-14  -3.5914e-01   9.7818e-02   4.1942e-15   7.7077e-15   6.6622e+00  -7.6382e+00  -4.4409e-16
extrapolatedErrorMatrixBeta
            0  -1.5328e-14  -9.2404e-15  -6.6622e+00  -7.6382e+00   1.9336e-14   1.5493e-14   3.5914e-01   9.7818e-02  -1.8666e-15
   1.5328e-14            0   5.1998e-16   1.3399e-14   2.8155e-15   1.0658e-14   3.1398e-15   2.0454e-15   4.1099e-15   5.7981e-15
   9.2404e-15  -5.1998e-16            0   2.5004e-14  -1.1509e-14   3.1398e-15   2.8422e-14   1.6143e-15   8.3402e-15   1.2064e-14
   6.6622e+00  -1.3399e-14  -2.5004e-14            0   1.2990e-14   8.6716e-15   7.9544e-16  -4.0412e-14  -1.0322e-03   3.5914e-01
   7.6382e+00  -2.8155e-15   1.1509e-14  -1.2990e-14            0   1.6685e-14   1.0037e-14  -1.0322e-03   7.9936e-15  -9.7818e-02
  -1.9336e-14  -1.0658e-14  -3.1398e-15  -8.6716e-15  -1.6685e-14            0  -5.1998e-16   7.9342e-15   4.4743e-15  -4.1942e-15
  -1.5493e-14  -3.1398e-15  -2.8422e-14  -7.9544e-16  -1.0037e-14   5.1998e-16            0   2.3929e-14   1.4091e-14  -7.7077e-15
  -3.5914e-01  -2.0454e-15  -1.6143e-15   4.0412e-14   1.0322e-03  -7.9342e-15  -2.3929e-14            0   8.3267e-15  -6.6622e+00
  -9.7818e-02  -4.1099e-15  -8.3402e-15   1.0322e-03  -7.9936e-15  -4.4743e-15  -1.4091e-14  -8.9928e-15            0   7.6382e+00
   1.8666e-15  -5.7981e-15  -1.2064e-14  -3.5914e-01   9.7818e-02   4.1942e-15   7.7077e-15   6.6622e+00  -7.6382e+00  -4.4409e-16
new extrapolated matrices
newExtrapolatedDensityMatrixAlpha 1
   4.2387e-01   4.7112e-17   1.0265e-16   3.5584e-01   3.3752e-01  -5.3442e-16  -3.4629e-16  -3.5925e-02  -2.9053e-02   3.9115e-02
   4.7112e-17   5.0000e-01   4.8205e-16   3.0409e-16   4.5560e-16   5.0000e-01   1.6555e-16  -2.4285e-16  -1.5847e-16   2.0357e-16
   1.0265e-16   4.8205e-16   5.0000e-01   1.0202e-16   2.9471e-16   1.2072e-16   5.0000e-01  -4.5094e-16  -2.7528e-16   3.6625e-16
   3.5584e-01   3.0409e-16   1.0202e-16   4.9010e-01   3.9880e-02  -2.5542e-16  -4.4553e-16  -2.2410e-01  -2.6491e-01   3.5925e-02
   3.3752e-01   4.5560e-16   2.9471e-16   3.9880e-02   5.8603e-01   1.0392e-16   1.9838e-16   2.6491e-01   2.3679e-01  -2.9053e-02
  -5.3442e-16   5.0000e-01   1.2072e-16  -2.5542e-16   1.0392e-16   5.0000e-01  -1.6802e-16   6.7510e-18  -1.5505e-16  -5.2318e-18
  -3.4629e-16   1.6555e-16   5.0000e-01  -4.4553e-16   1.9838e-16  -1.6802e-16   5.0000e-01   3.3396e-17  -2.9918e-16  -6.6632e-18
  -3.5925e-02  -2.4285e-16  -4.5094e-16  -2.2410e-01   2.6491e-01   6.7510e-18   3.3396e-17   4.9010e-01  -3.9880e-02  -3.5584e-01
  -2.9053e-02  -1.5847e-16  -2.7528e-16  -2.6491e-01   2.3679e-01  -1.5505e-16  -2.9918e-16  -3.9880e-02   5.8603e-01   3.3752e-01
   3.9115e-02   2.0357e-16   3.6625e-16   3.5925e-02  -2.9053e-02  -5.2318e-18  -6.6632e-18  -3.5584e-01   3.3752e-01   4.2387e-01
newExtrapolatedDensityMatrixBeta 1
   4.2387e-01   4.7112e-17   1.0265e-16   3.5584e-01   3.3752e-01  -5.3442e-16  -3.4629e-16  -3.5925e-02  -2.9053e-02   3.9115e-02
   4.7112e-17   5.0000e-01   4.8205e-16   3.0409e-16   4.5560e-16   5.0000e-01   1.6555e-16  -2.4285e-16  -1.5847e-16   2.0357e-16
   1.0265e-16   4.8205e-16   5.0000e-01   1.0202e-16   2.9471e-16   1.2072e-16   5.0000e-01  -4.5094e-16  -2.7528e-16   3.6625e-16
   3.5584e-01   3.0409e-16   1.0202e-16   4.9010e-01   3.9880e-02  -2.5542e-16  -4.4553e-16  -2.2410e-01  -2.6491e-01   3.5925e-02
   3.3752e-01   4.5560e-16   2.9471e-16   3.9880e-02   5.8603e-01   1.0392e-16   1.9838e-16   2.6491e-01   2.3679e-01  -2.9053e-02
  -5.3442e-16   5.0000e-01   1.2072e-16  -2.5542e-16   1.0392e-16   5.0000e-01  -1.6802e-16   6.7510e-18  -1.5505e-16  -5.2318e-18
  -3.4629e-16   1.6555e-16   5.0000e-01  -4.4553e-16   1.9838e-16  -1.6802e-16   5.0000e-01   3.3396e-17  -2.9918e-16  -6.6632e-18
  -3.5925e-02  -2.4285e-16  -4.5094e-16  -2.2410e-01   2.6491e-01   6.7510e-18   3.3396e-17   4.9010e-01  -3.9880e-02  -3.5584e-01
  -2.9053e-02  -1.5847e-16  -2.7528e-16  -2.6491e-01   2.3679e-01  -1.5505e-16  -2.9918e-16  -3.9880e-02   5.8603e-01   3.3752e-01
   3.9115e-02   2.0357e-16   3.6625e-16   3.5925e-02  -2.9053e-02  -5.2318e-18  -6.6632e-18  -3.5584e-01   3.3752e-01   4.2387e-01
newExtrapolatedFockMatrixAlpha 1
  -6.6581e+00  -5.6234e-16  -1.2253e-15  -1.1205e+01  -1.1304e+01   3.3275e-15   2.1561e-15  -1.2395e+00  -9.1339e-01  -2.3176e-01
  -5.6234e-16  -4.0784e+00  -8.1943e-15  -5.1693e-15  -7.7448e-15  -1.1732e+01  -1.8167e-15   2.6650e-15   1.7390e-15  -1.2675e-15
  -1.2253e-15  -8.1943e-15  -4.0784e+00  -1.7342e-15  -5.0098e-15  -1.3247e-15  -1.1732e+01   4.9484e-15   3.0208e-15  -2.2804e-15
  -1.1205e+01  -5.1693e-15  -1.7342e-15  -3.9101e+00  -6.7792e-01   2.8029e-15   4.8890e-15   9.0126e+00   1.2403e+01   1.2395e+00
  -1.1304e+01  -7.7448e-15  -5.0098e-15  -6.7792e-01  -1.4020e+01  -1.1403e-15  -2.1769e-15  -1.2403e+01  -1.2390e+01  -9.1339e-01
   3.3275e-15  -1.1732e+01  -1.3247e-15   2.8029e-15  -1.1403e-15  -4.0784e+00   2.8562e-15  -1.1476e-16   2.6357e-15   6.2449e-17
   2.1561e-15  -1.8167e-15  -1.1732e+01   4.8890e-15  -2.1769e-15   2.8562e-15  -4.0784e+00  -5.6769e-16   5.0858e-15   7.9534e-17
  -1.2395e+00   2.6650e-15   4.9484e-15   9.0126e+00  -1.2403e+01  -1.1476e-16  -5.6769e-16  -3.9101e+00   6.7792e-01   1.1205e+01
  -9.1339e-01   1.7390e-15   3.0208e-15   1.2403e+01  -1.2390e+01   2.6357e-15   5.0858e-15   6.7792e-01  -1.4020e+01  -1.1304e+01
  -2.3176e-01  -1.2675e-15  -2.2804e-15   1.2395e+00  -9.1339e-01   6.2449e-17   7.9534e-17   1.1205e+01  -1.1304e+01  -6.6581e+00
newExtrapolatedFockMatrixBeta 1
  -6.6581e+00  -5.6234e-16  -1.2253e-15  -1.1205e+01  -1.1304e+01   3.3275e-15   2.1561e-15  -1.2395e+00  -9.1339e-01  -2.3176e-01
  -5.6234e-16  -4.0784e+00  -8.1943e-15  -5.1693e-15  -7.7448e-15  -1.1732e+01  -1.8167e-15   2.6650e-15   1.7390e-15  -1.2675e-15
  -1.2253e-15  -8.1943e-15  -4.0784e+00  -1.7342e-15  -5.0098e-15  -1.3247e-15  -1.1732e+01   4.9484e-15   3.0208e-15  -2.2804e-15
  -1.1205e+01  -5.1693e-15  -1.7342e-15  -3.9101e+00  -6.7792e-01   2.8029e-15   4.8890e-15   9.0126e+00   1.2403e+01   1.2395e+00
  -1.1304e+01  -7.7448e-15  -5.0098e-15  -6.7792e-01  -1.4020e+01  -1.1403e-15  -2.1769e-15  -1.2403e+01  -1.2390e+01  -9.1339e-01
   3.3275e-15  -1.1732e+01  -1.3247e-15   2.8029e-15  -1.1403e-15  -4.0784e+00   2.8562e-15  -1.1476e-16   2.6357e-15   6.2449e-17
   2.1561e-15  -1.8167e-15  -1.1732e+01   4.8890e-15  -2.1769e-15   2.8562e-15  -4.0784e+00  -5.6769e-16   5.0858e-15   7.9534e-17
  -1.2395e+00   2.6650e-15   4.9484e-15   9.0126e+00  -1.2403e+01  -1.1476e-16  -5.6769e-16  -3.9101e+00   6.7792e-01   1.1205e+01
  -9.1339e-01   1.7390e-15   3.0208e-15   1.2403e+01  -1.2390e+01   2.6357e-15   5.0858e-15   6.7792e-01  -1.4020e+01  -1.1304e+01
  -2.3176e-01  -1.2675e-15  -2.2804e-15   1.2395e+00  -9.1339e-01   6.2449e-17   7.9534e-17   1.1205e+01  -1.1304e+01  -6.6581e+00
newExtrapolatedErrorMatrixAlpha 1
            0  -8.2797e-15  -4.4287e-15  -7.9483e-01  -8.6166e-01   3.1827e-15   3.7514e-15   2.1245e-01   1.3586e-01  -5.7176e-15
   8.2797e-15            0   2.7999e-16   4.7213e-15  -7.8211e-17  -1.8652e-14   2.1011e-15   2.9632e-16   2.4754e-15   1.2876e-15
   4.4287e-15  -2.7999e-16            0   8.5298e-15  -4.5700e-15   2.1011e-15  -4.4409e-15  -1.3386e-15   3.7577e-15   2.5582e-15
   7.9483e-01  -4.7213e-15  -8.5298e-15            0  -1.6183e-01   4.5481e-15   1.1675e-15  -7.1054e-15   1.1273e-01   2.1245e-01
   8.6166e-01   7.8211e-17   4.5700e-15   1.6183e-01            0   6.7672e-15   4.7087e-15   1.1273e-01  -1.2434e-14  -1.3586e-01
  -3.1827e-15   1.8652e-14  -2.1011e-15  -4.5481e-15  -6.7672e-15            0  -2.7999e-16   3.4317e-15   2.4951e-15  -2.1189e-15
  -3.7514e-15  -2.1011e-15   4.4409e-15  -1.1675e-15  -4.7087e-15   2.7999e-16            0   7.1592e-15   4.9281e-15  -4.0409e-15
  -2.1245e-01  -2.9632e-16   1.3386e-15   7.1054e-15  -1.1273e-01  -3.4317e-15  -7.1592e-15            0   1.6183e-01  -7.9483e-01
  -1.3586e-01  -2.4754e-15  -3.7577e-15  -1.1273e-01   1.0658e-14  -2.4951e-15  -4.9281e-15  -1.6183e-01            0   8.6166e-01
   5.7732e-15  -1.2876e-15  -2.5582e-15  -2.1245e-01   1.3586e-01   2.1189e-15   4.0409e-15   7.9483e-01  -8.6166e-01  -1.7764e-15
newExtrapolatedErrorMatrixBeta 1
            0  -8.2797e-15  -4.4287e-15  -7.9483e-01  -8.6166e-01   3.1827e-15   3.7514e-15   2.1245e-01   1.3586e-01  -5.7176e-15
   8.2797e-15            0   2.7999e-16   4.7213e-15  -7.8211e-17  -1.8652e-14   2.1011e-15   2.9632e-16   2.4754e-15   1.2876e-15
   4.4287e-15  -2.7999e-16            0   8.5298e-15  -4.5700e-15   2.1011e-15  -4.4409e-15  -1.3386e-15   3.7577e-15   2.5582e-15
   7.9483e-01  -4.7213e-15  -8.5298e-15            0  -1.6183e-01   4.5481e-15   1.1675e-15  -7.1054e-15   1.1273e-01   2.1245e-01
   8.6166e-01   7.8211e-17   4.5700e-15   1.6183e-01            0   6.7672e-15   4.7087e-15   1.1273e-01  -1.2434e-14  -1.3586e-01
  -3.1827e-15   1.8652e-14  -2.1011e-15  -4.5481e-15  -6.7672e-15            0  -2.7999e-16   3.4317e-15   2.4951e-15  -2.1189e-15
  -3.7514e-15  -2.1011e-15   4.4409e-15  -1.1675e-15  -4.7087e-15   2.7999e-16            0   7.1592e-15   4.9281e-15  -4.0409e-15
  -2.1245e-01  -2.9632e-16   1.3386e-15   7.1054e-15  -1.1273e-01  -3.4317e-15  -7.1592e-15            0   1.6183e-01  -7.9483e-01
  -1.3586e-01  -2.4754e-15  -3.7577e-15  -1.1273e-01   1.0658e-14  -2.4951e-15  -4.9281e-15  -1.6183e-01            0   8.6166e-01
   5.7732e-15  -1.2876e-15  -2.5582e-15  -2.1245e-01   1.3586e-01   2.1189e-15   4.0409e-15   7.9483e-01  -8.6166e-01  -1.7764e-15
Density matrices queue
kPrevDensityMatricesAlpha 0
   5.9701e-02  -8.9189e-17   8.2327e-17   1.5560e-01   1.7844e-01  -7.2622e-16  -3.9780e-16  -8.7446e-03  -1.8100e-03   2.3567e-03
  -8.9189e-17   5.0000e-01   1.0825e-15   7.8357e-16   1.0373e-15   5.0000e-01   6.1062e-16  -7.3233e-16  -1.5011e-16   1.3574e-16
   8.2327e-17   1.0825e-15   5.0000e-01   2.9025e-16   8.9707e-16   5.2736e-16   5.0000e-01  -1.5379e-15  -3.8744e-16   2.8036e-16
   1.5560e-01   7.8357e-16   2.9025e-16   6.7364e-01   2.1533e-01  -1.2801e-15  -1.7750e-15  -2.9756e-01  -2.4628e-01   8.7446e-03
   1.7844e-01   1.0373e-15   8.9707e-16   2.1533e-01   7.6666e-01  -4.7157e-16   2.5996e-16   2.4628e-01   2.0008e-01  -1.8100e-03
  -7.2622e-16   5.0000e-01   5.2736e-16  -1.2801e-15  -4.7157e-16   5.0000e-01   1.1102e-16   2.3626e-16  -3.1490e-16  -7.3692e-17
  -3.9780e-16   6.1062e-16   5.0000e-01  -1.7750e-15   2.5996e-16   1.1102e-16   5.0000e-01   3.1247e-16  -7.6082e-16  -1.1587e-16
  -8.7446e-03  -7.3233e-16  -1.5379e-15  -2.9756e-01   2.4628e-01   2.3626e-16   3.1247e-16   6.7364e-01  -2.1533e-01  -1.5560e-01
  -1.8100e-03  -1.5011e-16  -3.8744e-16  -2.4628e-01   2.0008e-01  -3.1490e-16  -7.6082e-16  -2.1533e-01   7.6666e-01   1.7844e-01
   2.3567e-03   1.3574e-16   2.8036e-16   8.7446e-03  -1.8100e-03  -7.3692e-17  -1.1587e-16  -1.5560e-01   1.7844e-01   5.9701e-02
kPrevDensityMatricesAlpha 1
   4.2387e-01   4.7112e-17   1.0265e-16   3.5584e-01   3.3752e-01  -5.3442e-16  -3.4629e-16  -3.5925e-02  -2.9053e-02   3.9115e-02
   4.7112e-17   5.0000e-01   4.8205e-16   3.0409e-16   4.5560e-16   5.0000e-01   1.6555e-16  -2.4285e-16  -1.5847e-16   2.0357e-16
   1.0265e-16   4.8205e-16   5.0000e-01   1.0202e-16   2.9471e-16   1.2072e-16   5.0000e-01  -4.5094e-16  -2.7528e-16   3.6625e-16
   3.5584e-01   3.0409e-16   1.0202e-16   4.9010e-01   3.9880e-02  -2.5542e-16  -4.4553e-16  -2.2410e-01  -2.6491e-01   3.5925e-02
   3.3752e-01   4.5560e-16   2.9471e-16   3.9880e-02   5.8603e-01   1.0392e-16   1.9838e-16   2.6491e-01   2.3679e-01  -2.9053e-02
  -5.3442e-16   5.0000e-01   1.2072e-16  -2.5542e-16   1.0392e-16   5.0000e-01  -1.6802e-16   6.7510e-18  -1.5505e-16  -5.2318e-18
  -3.4629e-16   1.6555e-16   5.0000e-01  -4.4553e-16   1.9838e-16  -1.6802e-16   5.0000e-01   3.3396e-17  -2.9918e-16  -6.6632e-18
  -3.5925e-02  -2.4285e-16  -4.5094e-16  -2.2410e-01   2.6491e-01   6.7510e-18   3.3396e-17   4.9010e-01  -3.9880e-02  -3.5584e-01
  -2.9053e-02  -1.5847e-16  -2.7528e-16  -2.6491e-01   2.3679e-01  -1.5505e-16  -2.9918e-16  -3.9880e-02   5.8603e-01   3.3752e-01
   3.9115e-02   2.0357e-16   3.6625e-16   3.5925e-02  -2.9053e-02  -5.2318e-18  -6.6632e-18  -3.5584e-01   3.3752e-01   4.2387e-01
kPrevDensityMatricesBeta 0
   5.9701e-02  -8.9189e-17   8.2327e-17   1.5560e-01   1.7844e-01  -7.2622e-16  -3.9780e-16  -8.7446e-03  -1.8100e-03   2.3567e-03
  -8.9189e-17   5.0000e-01   1.0825e-15   7.8357e-16   1.0373e-15   5.0000e-01   6.1062e-16  -7.3233e-16  -1.5011e-16   1.3574e-16
   8.2327e-17   1.0825e-15   5.0000e-01   2.9025e-16   8.9707e-16   5.2736e-16   5.0000e-01  -1.5379e-15  -3.8744e-16   2.8036e-16
   1.5560e-01   7.8357e-16   2.9025e-16   6.7364e-01   2.1533e-01  -1.2801e-15  -1.7750e-15  -2.9756e-01  -2.4628e-01   8.7446e-03
   1.7844e-01   1.0373e-15   8.9707e-16   2.1533e-01   7.6666e-01  -4.7157e-16   2.5996e-16   2.4628e-01   2.0008e-01  -1.8100e-03
  -7.2622e-16   5.0000e-01   5.2736e-16  -1.2801e-15  -4.7157e-16   5.0000e-01   1.1102e-16   2.3626e-16  -3.1490e-16  -7.3692e-17
  -3.9780e-16   6.1062e-16   5.0000e-01  -1.7750e-15   2.5996e-16   1.1102e-16   5.0000e-01   3.1247e-16  -7.6082e-16  -1.1587e-16
  -8.7446e-03  -7.3233e-16  -1.5379e-15  -2.9756e-01   2.4628e-01   2.3626e-16   3.1247e-16   6.7364e-01  -2.1533e-01  -1.5560e-01
  -1.8100e-03  -1.5011e-16  -3.8744e-16  -2.4628e-01   2.0008e-01  -3.1490e-16  -7.6082e-16  -2.1533e-01   7.6666e-01   1.7844e-01
   2.3567e-03   1.3574e-16   2.8036e-16   8.7446e-03  -1.8100e-03  -7.3692e-17  -1.1587e-16  -1.5560e-01   1.7844e-01   5.9701e-02
kPrevDensityMatricesBeta 1
   4.2387e-01   4.7112e-17   1.0265e-16   3.5584e-01   3.3752e-01  -5.3442e-16  -3.4629e-16  -3.5925e-02  -2.9053e-02   3.9115e-02
   4.7112e-17   5.0000e-01   4.8205e-16   3.0409e-16   4.5560e-16   5.0000e-01   1.6555e-16  -2.4285e-16  -1.5847e-16   2.0357e-16
   1.0265e-16   4.8205e-16   5.0000e-01   1.0202e-16   2.9471e-16   1.2072e-16   5.0000e-01  -4.5094e-16  -2.7528e-16   3.6625e-16
   3.5584e-01   3.0409e-16   1.0202e-16   4.9010e-01   3.9880e-02  -2.5542e-16  -4.4553e-16  -2.2410e-01  -2.6491e-01   3.5925e-02
   3.3752e-01   4.5560e-16   2.9471e-16   3.9880e-02   5.8603e-01   1.0392e-16   1.9838e-16   2.6491e-01   2.3679e-01  -2.9053e-02
  -5.3442e-16   5.0000e-01   1.2072e-16  -2.5542e-16   1.0392e-16   5.0000e-01  -1.6802e-16   6.7510e-18  -1.5505e-16  -5.2318e-18
  -3.4629e-16   1.6555e-16   5.0000e-01  -4.4553e-16   1.9838e-16  -1.6802e-16   5.0000e-01   3.3396e-17  -2.9918e-16  -6.6632e-18
