Hello World!
lagrangeMatixAlpha
        0  -1.0000
  -1.0000        0
lagrangeMatixBeta
        0  -1.0000
  -1.0000        0
lagrangeContantsVectorAlpha
        0
  -1.0000
lagrangeContantsVectorBeta
        0
  -1.0000
lagrangeSolutionAlpha
   1.0000
        0
lagrangeSolutionBeta
   1.0000
        0
extrapolated matrices - linear combos of k previous matrices
extrapolatedFockMatrixAlpha
  -2.3431e+02  -1.5235e+00  -1.4707e-01  -4.6301e-01  -3.1814e-02  -4.4696e-01  -1.8344e-02  -1.2199e-02  -3.1808e-02  -4.4694e-01  -4.6292e-01  -1.4706e-01   7.0091e+00  -7.3964e-16   1.3176e-15  -7.3613e+00   1.4017e+00   1.2634e+00  -2.9436e-02  -1.4634e+00   2.7632e-01   5.4101e-01  -3.2936e-01  -4.7272e-01   1.0094e-01   8.7316e-02  -1.5970e-01  -1.2804e-01   2.7631e-01  -1.4728e-02  -6.3319e-01  -4.7271e-01   1.4016e+00  -6.5707e-01  -1.0794e+00  -1.4633e+00
  -1.5235e+00  -2.1939e+02  -4.6290e-01  -4.6297e-01  -7.6796e-03  -3.1814e-02  -1.2199e-02  -1.1470e-03  -7.6802e-03  -3.1820e-02  -4.6303e-01  -4.6298e-01  -2.3363e+00   3.1710e+00  -5.7980e+00  -7.3616e+00   1.2850e-01   1.6951e+00  -8.1916e-01  -1.4632e+00  -1.5638e-02   1.1309e-01  -9.4734e-02  -8.8965e-02   1.7460e-03   2.2341e-02  -4.0859e-02  -2.5781e-02  -1.5642e-02   1.8729e-02  -1.4636e-01  -8.8983e-02   1.2852e-01  -2.2516e-01  -1.8694e+00  -1.4635e+00
  -1.4707e-01  -4.6290e-01  -2.3432e+02  -1.5234e+00  -4.6298e-01  -1.4708e-01  -4.4694e-01  -3.1820e-02  -1.2200e-02  -1.8347e-02  -3.1814e-02  -4.4694e-01  -1.4017e+00  -1.2634e+00   2.9436e-02  -1.4634e+00  -7.0091e+00   1.2391e-15  -2.4543e-16  -7.3613e+00  -1.4018e+00   6.0628e-01  -1.1088e+00  -1.4635e+00  -2.7631e-01  -1.4728e-02  -6.3319e-01  -4.7271e-01  -1.0097e-01  -9.4668e-02  -1.5550e-01  -1.2807e-01  -2.7631e-01  -5.5572e-01  -3.0384e-01  -4.7271e-01
  -4.6301e-01  -4.6297e-01  -1.5234e+00  -2.1938e+02  -4.6291e-01  -4.6293e-01  -3.1808e-02  -7.6802e-03  -1.1468e-03  -1.2200e-02  -7.6807e-03  -3.1814e-02  -1.2853e-01  -1.7317e+00  -7.3975e-01  -1.4636e+00   2.3360e+00  -3.4356e+00  -5.6449e+00  -7.3610e+00  -1.2851e-01   1.3814e-01  -1.8777e+00  -1.4633e+00   1.5635e-02  -2.5494e-02  -1.4528e-01  -8.8946e-02  -1.7461e-03  -2.4216e-02  -3.9779e-02  -2.5782e-02   1.5639e-02  -1.1736e-01  -8.9385e-02  -8.8967e-02
  -3.1814e-02  -7.6796e-03  -4.6298e-01  -4.6291e-01  -2.1938e+02  -1.5235e+00  -4.6292e-01  -4.6303e-01  -7.6807e-03  -3.1814e-02  -1.1469e-03  -1.2200e-02  -1.5638e-02  -1.3609e-01   5.6954e-02  -8.8966e-02   1.2852e-01  -1.5064e+00   1.1297e+00  -1.4635e+00  -2.3361e+00  -6.6065e+00   1.5369e-01  -7.3613e+00   1.2850e-01  -1.5570e+00  -1.0584e+00  -1.4633e+00  -1.5638e-02  -1.3859e-01  -5.0564e-02  -8.8964e-02   1.7461e-03  -4.6557e-02   1.0819e-03  -2.5782e-02
  -4.4696e-01  -3.1814e-02  -1.4708e-01  -4.6293e-01  -1.5235e+00  -2.3432e+02  -1.4706e-01  -4.6298e-01  -3.1814e-02  -4.4694e-01  -1.2200e-02  -1.8346e-02   2.7632e-01  -5.4101e-01   3.2936e-01  -4.7272e-01   1.4018e+00  -6.0628e-01   1.1088e+00  -1.4635e+00   7.0091e+00   8.4401e-16            0  -7.3613e+00   1.4016e+00  -6.5707e-01  -1.0794e+00  -1.4633e+00   2.7631e-01  -5.5572e-01  -3.0384e-01  -4.7271e-01   1.0096e-01  -1.8199e-01   4.2276e-03  -1.2806e-01
  -1.8344e-02  -1.2199e-02  -4.4694e-01  -3.1808e-02  -4.6292e-01  -1.4706e-01  -2.3431e+02  -1.5235e+00  -4.6301e-01  -1.4707e-01  -3.1814e-02  -4.4696e-01  -1.0094e-01  -8.7316e-02   1.5970e-01  -1.2804e-01  -2.7631e-01   1.4728e-02   6.3319e-01  -4.7271e-01  -1.4016e+00   6.5707e-01   1.0794e+00  -1.4633e+00  -7.0091e+00   7.3964e-16  -1.3176e-15  -7.3613e+00  -1.4017e+00  -1.2634e+00   2.9436e-02  -1.4634e+00  -2.7632e-01  -5.4101e-01   3.2936e-01  -4.7272e-01
  -1.2199e-02  -1.1470e-03  -3.1820e-02  -7.6802e-03  -4.6303e-01  -4.6298e-01  -1.5235e+00  -2.1939e+02  -4.6297e-01  -4.6290e-01  -7.6796e-03  -3.1814e-02  -1.7460e-03  -2.2341e-02   4.0859e-02  -2.5781e-02   1.5642e-02  -1.8729e-02   1.4636e-01  -8.8983e-02  -1.2852e-01   2.2516e-01   1.8694e+00  -1.4635e+00   2.3363e+00  -3.1710e+00   5.7980e+00  -7.3616e+00  -1.2850e-01  -1.6951e+00   8.1916e-01  -1.4632e+00   1.5638e-02  -1.1309e-01   9.4734e-02  -8.8965e-02
  -3.1808e-02  -7.6802e-03  -1.2200e-02  -1.1468e-03  -7.6807e-03  -3.1814e-02  -4.6301e-01  -4.6297e-01  -2.1938e+02  -1.5234e+00  -4.6291e-01  -4.6293e-01  -1.5635e-02   2.5494e-02   1.4528e-01  -8.8946e-02   1.7461e-03   2.4216e-02   3.9779e-02  -2.5782e-02  -1.5639e-02   1.1736e-01   8.9385e-02  -8.8967e-02   1.2853e-01   1.7317e+00   7.3975e-01  -1.4636e+00  -2.3360e+00   3.4356e+00   5.6449e+00  -7.3610e+00   1.2851e-01  -1.3814e-01   1.8777e+00  -1.4633e+00
  -4.4694e-01  -3.1820e-02  -1.8347e-02  -1.2200e-02  -3.1814e-02  -4.4694e-01  -1.4707e-01  -4.6290e-01  -1.5234e+00  -2.3432e+02  -4.6298e-01  -1.4708e-01   2.7631e-01   1.4728e-02   6.3319e-01  -4.7271e-01   1.0097e-01   9.4668e-02   1.5550e-01  -1.2807e-01   2.7631e-01   5.5572e-01   3.0384e-01  -4.7271e-01   1.4017e+00   1.2634e+00  -2.9436e-02  -1.4634e+00   7.0091e+00  -1.2391e-15   2.4543e-16  -7.3613e+00   1.4018e+00  -6.0628e-01   1.1088e+00  -1.4635e+00
  -4.6292e-01  -4.6303e-01  -3.1814e-02  -7.6807e-03  -1.1469e-03  -1.2200e-02  -3.1814e-02  -7.6796e-03  -4.6291e-01  -4.6298e-01  -2.1938e+02  -1.5235e+00  -1.2850e-01   1.5570e+00   1.0584e+00  -1.4633e+00   1.5638e-02   1.3859e-01   5.0564e-02  -8.8964e-02  -1.7461e-03   4.6557e-02  -1.0819e-03  -2.5782e-02   1.5638e-02   1.3609e-01  -5.6954e-02  -8.8966e-02  -1.2852e-01   1.5064e+00  -1.1297e+00  -1.4635e+00   2.3361e+00   6.6065e+00  -1.5369e-01  -7.3613e+00
  -1.4706e-01  -4.6298e-01  -4.4694e-01  -3.1814e-02  -1.2200e-02  -1.8346e-02  -4.4696e-01  -3.1814e-02  -4.6293e-01  -1.4708e-01  -1.5235e+00  -2.3432e+02  -1.4016e+00   6.5707e-01   1.0794e+00  -1.4633e+00  -2.7631e-01   5.5572e-01   3.0384e-01  -4.7271e-01  -1.0096e-01   1.8199e-01  -4.2276e-03  -1.2806e-01  -2.7632e-01   5.4101e-01  -3.2936e-01  -4.7272e-01  -1.4018e+00   6.0628e-01  -1.1088e+00  -1.4635e+00  -7.0091e+00  -8.4401e-16            0  -7.3613e+00
   7.0091e+00  -2.3363e+00  -1.4017e+00  -1.2853e-01  -1.5638e-02   2.7632e-01  -1.0094e-01  -1.7460e-03  -1.5635e-02   2.7631e-01  -1.2850e-01  -1.4016e+00  -2.8169e+02  -3.7399e-32            0   1.4378e-16  -2.3900e+00   3.1874e+00  -7.4265e-02  -2.3808e+00  -4.4287e-01  -3.3900e-18   2.0638e-18   1.4352e-18  -1.1314e-01   9.5179e-02  -1.7409e-01  -1.1365e-01  -4.4286e-01   9.2285e-20   3.9675e-18   1.4351e-18  -2.3898e+00  -1.6577e+00  -2.7231e+00  -2.3806e+00
  -7.3964e-16   3.1710e+00  -1.2634e+00  -1.7317e+00  -1.3609e-01  -5.4101e-01  -8.7316e-02  -2.2341e-02   2.5494e-02   1.4728e-02   1.5570e+00   6.5707e-01  -3.7399e-32  -2.8169e+02            0  -2.5937e-15   3.1874e+00   5.4957e+00  -2.1000e-01  -6.7321e+00   3.3900e-18   1.5027e+00  -1.1844e+00  -1.3823e+00   9.5179e-02   1.1008e-01  -4.7242e-01  -3.0841e-01  -9.2285e-20  -4.4142e-01   6.1993e-02   3.7632e-02  -1.6577e+00  -1.0788e+00   4.0051e+00   3.5013e+00
   1.3176e-15  -5.7980e+00   2.9436e-02  -7.3975e-01   5.6954e-02   3.2936e-01   1.5970e-01   4.0859e-02   1.4528e-01   6.3319e-01   1.0584e+00   1.0794e+00            0            0  -2.8169e+02            0  -7.4265e-02  -2.1000e-01  -3.5124e+00   1.5685e-01  -2.0638e-18  -1.1844e+00   2.7819e-01   8.4154e-01  -1.7409e-01  -4.7242e-01   7.1587e-01   5.6410e-01  -3.9675e-18   6.1993e-02   2.2223e+00   1.6179e+00  -2.7231e+00   4.0051e+00   3.0624e+00   5.7516e+00
  -7.3613e+00  -7.3616e+00  -1.4634e+00  -1.4636e+00  -8.8966e-02  -4.7272e-01  -1.2804e-01  -2.5781e-02  -8.8946e-02  -4.7271e-01  -1.4633e+00  -1.4633e+00   1.4378e-16  -2.5937e-15            0  -2.9017e+02   2.3808e+00   6.7321e+00  -1.5685e-01  -6.3633e+00   1.4352e-18   1.3823e+00  -8.4154e-01  -1.0780e+00   1.1365e-01   3.0841e-01  -5.6410e-01  -3.9423e-01   1.4351e-18  -3.7632e-02  -1.6179e+00  -1.0780e+00   2.3806e+00  -3.5013e+00  -5.7516e+00  -6.3628e+00
   1.4017e+00   1.2850e-01  -7.0091e+00   2.3360e+00   1.2852e-01   1.4018e+00  -2.7631e-01   1.5642e-02   1.7461e-03   1.0097e-01   1.5638e-02  -2.7631e-01  -2.3900e+00   3.1874e+00  -7.4265e-02   2.3808e+00  -2.8170e+02            0  -7.4798e-32  -1.4378e-16  -2.3903e+00  -1.5297e+00   2.7977e+00   2.3810e+00  -4.4286e-01  -9.2285e-20  -3.9675e-18  -1.4351e-18  -1.1317e-01   1.0320e-01   1.6951e-01   1.1368e-01  -4.4286e-01  -3.4821e-18  -1.9038e-18  -1.4351e-18
   1.2634e+00   1.6951e+00   1.2391e-15  -3.4356e+00  -1.5064e+00  -6.0628e-01   1.4728e-02  -1.8729e-02   2.4216e-02   9.4668e-02   1.3859e-01   5.5572e-01   3.1874e+00   5.4957e+00  -2.1000e-01   6.7321e+00            0  -2.8170e+02            0   3.1689e-15  -1.5297e+00  -1.4421e+00  -3.7961e+00  -3.2307e+00   9.2285e-20  -4.4142e-01   6.1993e-02   3.7632e-02   1.0320e-01   1.5531e-01   4.9863e-01   3.3439e-01   3.4821e-18   1.6100e+00   1.1224e+00   1.4199e+00
  -2.9436e-02  -8.1916e-01  -2.4543e-16  -5.6449e+00   1.1297e+00   1.1088e+00   6.3319e-01   1.4636e-01   3.9779e-02   1.5550e-01   5.0564e-02   3.0384e-01  -7.4265e-02  -2.1000e-01  -3.5124e+00  -1.5685e-01  -7.4798e-32            0  -2.8170e+02  -1.1503e-15   2.7977e+00  -3.7961e+00   3.4250e+00   5.9087e+00   3.9675e-18   6.1993e-02   2.2223e+00   1.6179e+00   1.6951e-01   4.9863e-01   6.7078e-01   5.4926e-01   1.9038e-18   1.1224e+00   1.7084e-01   7.7635e-01
  -1.4634e+00  -1.4632e+00  -7.3613e+00  -7.3610e+00  -1.4635e+00  -1.4635e+00  -4.7271e-01  -8.8983e-02  -2.5782e-02  -1.2807e-01  -8.8964e-02  -4.7271e-01  -2.3808e+00  -6.7321e+00   1.5685e-01  -6.3633e+00  -1.4378e-16   3.1689e-15  -1.1503e-15  -2.9018e+02  -2.3810e+00   3.2307e+00  -5.9087e+00  -6.3639e+00  -1.4351e-18  -3.7632e-02  -1.6179e+00  -1.0780e+00  -1.1368e-01  -3.3439e-01  -5.4926e-01  -3.9432e-01  -1.4351e-18  -1.4199e+00  -7.7635e-01  -1.0780e+00
   2.7632e-01  -1.5638e-02  -1.4018e+00  -1.2851e-01  -2.3361e+00   7.0091e+00  -1.4016e+00  -1.2852e-01  -1.5639e-02   2.7631e-01  -1.7461e-03  -1.0096e-01  -4.4287e-01   3.3900e-18  -2.0638e-18   1.4352e-18  -2.3903e+00  -1.5297e+00   2.7977e+00  -2.3810e+00  -2.8170e+02            0            0   1.4378e-16  -2.3898e+00  -1.6577e+00  -2.7231e+00  -2.3806e+00  -4.4286e-01   3.4821e-18   1.9038e-18   1.4351e-18  -1.1316e-01  -1.9838e-01   4.6084e-03  -1.1367e-01
   5.4101e-01   1.1309e-01   6.0628e-01   1.3814e-01  -6.6065e+00   8.4401e-16   6.5707e-01   2.2516e-01   1.1736e-01   5.5572e-01   4.6557e-02   1.8199e-01  -3.3900e-18   1.5027e+00  -1.1844e+00   1.3823e+00  -1.5297e+00  -1.4421e+00  -3.7961e+00   3.2307e+00            0  -2.8170e+02            0            0  -1.6577e+00  -1.0788e+00   4.0051e+00   3.5013e+00  -3.4821e-18   1.6100e+00   1.1224e+00   1.4199e+00  -1.9838e-01   9.7367e-01  -2.6062e-02   6.4282e-01
  -3.2936e-01  -9.4734e-02  -1.1088e+00  -1.8777e+00   1.5369e-01            0   1.0794e+00   1.8694e+00   8.9385e-02   3.0384e-01  -1.0819e-03  -4.2276e-03   2.0638e-18  -1.1844e+00   2.7819e-01  -8.4154e-01   2.7977e+00  -3.7961e+00   3.4250e+00  -5.9087e+00            0            0  -2.8170e+02            0  -2.7231e+00   4.0051e+00   3.0624e+00   5.7516e+00  -1.9038e-18   1.1224e+00   1.7084e-01   7.7635e-01   4.6084e-03  -2.6062e-02  -1.4763e-01  -1.4933e-02
  -4.7272e-01  -8.8965e-02  -1.4635e+00  -1.4633e+00  -7.3613e+00  -7.3613e+00  -1.4633e+00  -1.4635e+00  -8.8967e-02  -4.7271e-01  -2.5782e-02  -1.2806e-01   1.4352e-18  -1.3823e+00   8.4154e-01  -1.0780e+00   2.3810e+00  -3.2307e+00   5.9087e+00  -6.3639e+00   1.4378e-16            0            0  -2.9018e+02   2.3806e+00  -3.5013e+00  -5.7516e+00  -6.3628e+00   1.4351e-18  -1.4199e+00  -7.7635e-01  -1.0780e+00   1.1367e-01  -6.4282e-01   1.4933e-02  -3.9428e-01
   1.0094e-01   1.7460e-03  -2.7631e-01   1.5635e-02   1.2850e-01   1.4016e+00  -7.0091e+00   2.3363e+00   1.2853e-01   1.4017e+00   1.5638e-02  -2.7632e-01  -1.1314e-01   9.5179e-02  -1.7409e-01   1.1365e-01  -4.4286e-01   9.2285e-20   3.9675e-18  -1.4351e-18  -2.3898e+00  -1.6577e+00  -2.7231e+00   2.3806e+00  -2.8169e+02  -3.7399e-32            0  -1.4378e-16  -2.3900e+00   3.1874e+00  -7.4265e-02   2.3808e+00  -4.4287e-01  -3.3900e-18   2.0638e-18  -1.4352e-18
   8.7316e-02   2.2341e-02  -1.4728e-02  -2.5494e-02  -1.5570e+00  -6.5707e-01   7.3964e-16  -3.1710e+00   1.7317e+00   1.2634e+00   1.3609e-01   5.4101e-01   9.5179e-02   1.1008e-01  -4.7242e-01   3.0841e-01  -9.2285e-20  -4.4142e-01   6.1993e-02  -3.7632e-02  -1.6577e+00  -1.0788e+00   4.0051e+00  -3.5013e+00  -3.7399e-32  -2.8169e+02            0   2.5937e-15   3.1874e+00   5.4957e+00  -2.1000e-01   6.7321e+00   3.3900e-18   1.5027e+00  -1.1844e+00   1.3823e+00
  -1.5970e-01  -4.0859e-02  -6.3319e-01  -1.4528e-01  -1.0584e+00  -1.0794e+00  -1.3176e-15   5.7980e+00   7.3975e-01  -2.9436e-02  -5.6954e-02  -3.2936e-01  -1.7409e-01  -4.7242e-01   7.1587e-01  -5.6410e-01  -3.9675e-18   6.1993e-02   2.2223e+00  -1.6179e+00  -2.7231e+00   4.0051e+00   3.0624e+00  -5.7516e+00            0            0  -2.8169e+02            0  -7.4265e-02  -2.1000e-01  -3.5124e+00  -1.5685e-01  -2.0638e-18  -1.1844e+00   2.7819e-01  -8.4154e-01
  -1.2804e-01  -2.5781e-02  -4.7271e-01  -8.8946e-02  -1.4633e+00  -1.4633e+00  -7.3613e+00  -7.3616e+00  -1.4636e+00  -1.4634e+00  -8.8966e-02  -4.7272e-01  -1.1365e-01  -3.0841e-01   5.6410e-01  -3.9423e-01  -1.4351e-18   3.7632e-02   1.6179e+00  -1.0780e+00  -2.3806e+00   3.5013e+00   5.7516e+00  -6.3628e+00  -1.4378e-16   2.5937e-15            0  -2.9017e+02  -2.3808e+00  -6.7321e+00   1.5685e-01  -6.3633e+00  -1.4352e-18  -1.3823e+00   8.4154e-01  -1.0780e+00
   2.7631e-01  -1.5642e-02  -1.0097e-01  -1.7461e-03  -1.5638e-02   2.7631e-01  -1.4017e+00  -1.2850e-01  -2.3360e+00   7.0091e+00  -1.2852e-01  -1.4018e+00  -4.4286e-01  -9.2285e-20  -3.9675e-18   1.4351e-18  -1.1317e-01   1.0320e-01   1.6951e-01  -1.1368e-01  -4.4286e-01  -3.4821e-18  -1.9038e-18   1.4351e-18  -2.3900e+00   3.1874e+00  -7.4265e-02  -2.3808e+00  -2.8170e+02            0  -7.4798e-32   1.4378e-16  -2.3903e+00  -1.5297e+00   2.7977e+00  -2.3810e+00
  -1.4728e-02   1.8729e-02  -9.4668e-02  -2.4216e-02  -1.3859e-01  -5.5572e-01  -1.2634e+00  -1.6951e+00   3.4356e+00  -1.2391e-15   1.5064e+00   6.0628e-01   9.2285e-20  -4.4142e-01   6.1993e-02  -3.7632e-02   1.0320e-01   1.5531e-01   4.9863e-01  -3.3439e-01   3.4821e-18   1.6100e+00   1.1224e+00  -1.4199e+00   3.1874e+00   5.4957e+00  -2.1000e-01  -6.7321e+00            0  -2.8170e+02            0  -3.1689e-15  -1.5297e+00  -1.4421e+00  -3.7961e+00   3.2307e+00
  -6.3319e-01  -1.4636e-01  -1.5550e-01  -3.9779e-02  -5.0564e-02  -3.0384e-01   2.9436e-02   8.1916e-01   5.6449e+00   2.4543e-16  -1.1297e+00  -1.1088e+00   3.9675e-18   6.1993e-02   2.2223e+00  -1.6179e+00   1.6951e-01   4.9863e-01   6.7078e-01  -5.4926e-01   1.9038e-18   1.1224e+00   1.7084e-01  -7.7635e-01  -7.4265e-02  -2.1000e-01  -3.5124e+00   1.5685e-01  -7.4798e-32            0  -2.8170e+02   1.1503e-15   2.7977e+00  -3.7961e+00   3.4250e+00  -5.9087e+00
  -4.7271e-01  -8.8983e-02  -1.2807e-01  -2.5782e-02  -8.8964e-02  -4.7271e-01  -1.4634e+00  -1.4632e+00  -7.3610e+00  -7.3613e+00  -1.4635e+00  -1.4635e+00   1.4351e-18   3.7632e-02   1.6179e+00  -1.0780e+00   1.1368e-01   3.3439e-01   5.4926e-01  -3.9432e-01   1.4351e-18   1.4199e+00   7.7635e-01  -1.0780e+00   2.3808e+00   6.7321e+00  -1.5685e-01  -6.3633e+00   1.4378e-16  -3.1689e-15   1.1503e-15  -2.9018e+02   2.3810e+00  -3.2307e+00   5.9087e+00  -6.3639e+00
   1.4016e+00   1.2852e-01  -2.7631e-01   1.5639e-02   1.7461e-03   1.0096e-01  -2.7632e-01   1.5638e-02   1.2851e-01   1.4018e+00   2.3361e+00  -7.0091e+00  -2.3898e+00  -1.6577e+00  -2.7231e+00   2.3806e+00  -4.4286e-01   3.4821e-18   1.9038e-18  -1.4351e-18  -1.1316e-01  -1.9838e-01   4.6084e-03   1.1367e-01  -4.4287e-01   3.3900e-18  -2.0638e-18  -1.4352e-18  -2.3903e+00  -1.5297e+00   2.7977e+00   2.3810e+00  -2.8170e+02            0            0  -1.4378e-16
  -6.5707e-01  -2.2516e-01  -5.5572e-01  -1.1736e-01  -4.6557e-02  -1.8199e-01  -5.4101e-01  -1.1309e-01  -1.3814e-01  -6.0628e-01   6.6065e+00  -8.4401e-16  -1.6577e+00  -1.0788e+00   4.0051e+00  -3.5013e+00  -3.4821e-18   1.6100e+00   1.1224e+00  -1.4199e+00  -1.9838e-01   9.7367e-01  -2.6062e-02  -6.4282e-01  -3.3900e-18   1.5027e+00  -1.1844e+00  -1.3823e+00  -1.5297e+00  -1.4421e+00  -3.7961e+00  -3.2307e+00            0  -2.8170e+02            0            0
  -1.0794e+00  -1.8694e+00  -3.0384e-01  -8.9385e-02   1.0819e-03   4.2276e-03   3.2936e-01   9.4734e-02   1.8777e+00   1.1088e+00  -1.5369e-01            0  -2.7231e+00   4.0051e+00   3.0624e+00  -5.7516e+00  -1.9038e-18   1.1224e+00   1.7084e-01  -7.7635e-01   4.6084e-03  -2.6062e-02  -1.4763e-01   1.4933e-02   2.0638e-18  -1.1844e+00   2.7819e-01   8.4154e-01   2.7977e+00  -3.7961e+00   3.4250e+00   5.9087e+00            0            0  -2.8170e+02            0
  -1.4633e+00  -1.4635e+00  -4.7271e-01  -8.8967e-02  -2.5782e-02  -1.2806e-01  -4.7272e-01  -8.8965e-02  -1.4633e+00  -1.4635e+00  -7.3613e+00  -7.3613e+00  -2.3806e+00   3.5013e+00   5.7516e+00  -6.3628e+00  -1.4351e-18   1.4199e+00   7.7635e-01  -1.0780e+00  -1.1367e-01   6.4282e-01  -1.4933e-02  -3.9428e-01  -1.4352e-18   1.3823e+00  -8.4154e-01  -1.0780e+00  -2.3810e+00   3.2307e+00  -5.9087e+00  -6.3639e+00  -1.4378e-16            0            0  -2.9018e+02
extrapolatedFockMatrixBeta
  -2.3431e+02  -1.5235e+00  -1.4707e-01  -4.6301e-01  -3.1814e-02  -4.4696e-01  -1.8344e-02  -1.2199e-02  -3.1808e-02  -4.4694e-01  -4.6292e-01  -1.4706e-01   7.0091e+00  -7.3964e-16   1.3176e-15  -7.3613e+00   1.4017e+00   1.2634e+00  -2.9436e-02  -1.4634e+00   2.7632e-01   5.4101e-01  -3.2936e-01  -4.7272e-01   1.0094e-01   8.7316e-02  -1.5970e-01  -1.2804e-01   2.7631e-01  -1.4728e-02  -6.3319e-01  -4.7271e-01   1.4016e+00  -6.5707e-01  -1.0794e+00  -1.4633e+00
  -1.5235e+00  -2.1939e+02  -4.6290e-01  -4.6297e-01  -7.6796e-03  -3.1814e-02  -1.2199e-02  -1.1470e-03  -7.6802e-03  -3.1820e-02  -4.6303e-01  -4.6298e-01  -2.3363e+00   3.1710e+00  -5.7980e+00  -7.3616e+00   1.2850e-01   1.6951e+00  -8.1916e-01  -1.4632e+00  -1.5638e-02   1.1309e-01  -9.4734e-02  -8.8965e-02   1.7460e-03   2.2341e-02  -4.0859e-02  -2.5781e-02  -1.5642e-02   1.8729e-02  -1.4636e-01  -8.8983e-02   1.2852e-01  -2.2516e-01  -1.8694e+00  -1.4635e+00
  -1.4707e-01  -4.6290e-01  -2.3432e+02  -1.5234e+00  -4.6298e-01  -1.4708e-01  -4.4694e-01  -3.1820e-02  -1.2200e-02  -1.8347e-02  -3.1814e-02  -4.4694e-01  -1.4017e+00  -1.2634e+00   2.9436e-02  -1.4634e+00  -7.0091e+00   1.2391e-15  -2.4543e-16  -7.3613e+00  -1.4018e+00   6.0628e-01  -1.1088e+00  -1.4635e+00  -2.7631e-01  -1.4728e-02  -6.3319e-01  -4.7271e-01  -1.0097e-01  -9.4668e-02  -1.5550e-01  -1.2807e-01  -2.7631e-01  -5.5572e-01  -3.0384e-01  -4.7271e-01
  -4.6301e-01  -4.6297e-01  -1.5234e+00  -2.1938e+02  -4.6291e-01  -4.6293e-01  -3.1808e-02  -7.6802e-03  -1.1468e-03  -1.2200e-02  -7.6807e-03  -3.1814e-02  -1.2853e-01  -1.7317e+00  -7.3975e-01  -1.4636e+00   2.3360e+00  -3.4356e+00  -5.6449e+00  -7.3610e+00  -1.2851e-01   1.3814e-01  -1.8777e+00  -1.4633e+00   1.5635e-02  -2.5494e-02  -1.4528e-01  -8.8946e-02  -1.7461e-03  -2.4216e-02  -3.9779e-02  -2.5782e-02   1.5639e-02  -1.1736e-01  -8.9385e-02  -8.8967e-02
  -3.1814e-02  -7.6796e-03  -4.6298e-01  -4.6291e-01  -2.1938e+02  -1.5235e+00  -4.6292e-01  -4.6303e-01  -7.6807e-03  -3.1814e-02  -1.1469e-03  -1.2200e-02  -1.5638e-02  -1.3609e-01   5.6954e-02  -8.8966e-02   1.2852e-01  -1.5064e+00   1.1297e+00  -1.4635e+00  -2.3361e+00  -6.6065e+00   1.5369e-01  -7.3613e+00   1.2850e-01  -1.5570e+00  -1.0584e+00  -1.4633e+00  -1.5638e-02  -1.3859e-01  -5.0564e-02  -8.8964e-02   1.7461e-03  -4.6557e-02   1.0819e-03  -2.5782e-02
  -4.4696e-01  -3.1814e-02  -1.4708e-01  -4.6293e-01  -1.5235e+00  -2.3432e+02  -1.4706e-01  -4.6298e-01  -3.1814e-02  -4.4694e-01  -1.2200e-02  -1.8346e-02   2.7632e-01  -5.4101e-01   3.2936e-01  -4.7272e-01   1.4018e+00  -6.0628e-01   1.1088e+00  -1.4635e+00   7.0091e+00   8.4401e-16            0  -7.3613e+00   1.4016e+00  -6.5707e-01  -1.0794e+00  -1.4633e+00   2.7631e-01  -5.5572e-01  -3.0384e-01  -4.7271e-01   1.0096e-01  -1.8199e-01   4.2276e-03  -1.2806e-01
  -1.8344e-02  -1.2199e-02  -4.4694e-01  -3.1808e-02  -4.6292e-01  -1.4706e-01  -2.3431e+02  -1.5235e+00  -4.6301e-01  -1.4707e-01  -3.1814e-02  -4.4696e-01  -1.0094e-01  -8.7316e-02   1.5970e-01  -1.2804e-01  -2.7631e-01   1.4728e-02   6.3319e-01  -4.7271e-01  -1.4016e+00   6.5707e-01   1.0794e+00  -1.4633e+00  -7.0091e+00   7.3964e-16  -1.3176e-15  -7.3613e+00  -1.4017e+00  -1.2634e+00   2.9436e-02  -1.4634e+00  -2.7632e-01  -5.4101e-01   3.2936e-01  -4.7272e-01
  -1.2199e-02  -1.1470e-03  -3.1820e-02  -7.6802e-03  -4.6303e-01  -4.6298e-01  -1.5235e+00  -2.1939e+02  -4.6297e-01  -4.6290e-01  -7.6796e-03  -3.1814e-02  -1.7460e-03  -2.2341e-02   4.0859e-02  -2.5781e-02   1.5642e-02  -1.8729e-02   1.4636e-01  -8.8983e-02  -1.2852e-01   2.2516e-01   1.8694e+00  -1.4635e+00   2.3363e+00  -3.1710e+00   5.7980e+00  -7.3616e+00  -1.2850e-01  -1.6951e+00   8.1916e-01  -1.4632e+00   1.5638e-02  -1.1309e-01   9.4734e-02  -8.8965e-02
  -3.1808e-02  -7.6802e-03  -1.2200e-02  -1.1468e-03  -7.6807e-03  -3.1814e-02  -4.6301e-01  -4.6297e-01  -2.1938e+02  -1.5234e+00  -4.6291e-01  -4.6293e-01  -1.5635e-02   2.5494e-02   1.4528e-01  -8.8946e-02   1.7461e-03   2.4216e-02   3.9779e-02  -2.5782e-02  -1.5639e-02   1.1736e-01   8.9385e-02  -8.8967e-02   1.2853e-01   1.7317e+00   7.3975e-01  -1.4636e+00  -2.3360e+00   3.4356e+00   5.6449e+00  -7.3610e+00   1.2851e-01  -1.3814e-01   1.8777e+00  -1.4633e+00
  -4.4694e-01  -3.1820e-02  -1.8347e-02  -1.2200e-02  -3.1814e-02  -4.4694e-01  -1.4707e-01  -4.6290e-01  -1.5234e+00  -2.3432e+02  -4.6298e-01  -1.4708e-01   2.7631e-01   1.4728e-02   6.3319e-01  -4.7271e-01   1.0097e-01   9.4668e-02   1.5550e-01  -1.2807e-01   2.7631e-01   5.5572e-01   3.0384e-01  -4.7271e-01   1.4017e+00   1.2634e+00  -2.9436e-02  -1.4634e+00   7.0091e+00  -1.2391e-15   2.4543e-16  -7.3613e+00   1.4018e+00  -6.0628e-01   1.1088e+00  -1.4635e+00
  -4.6292e-01  -4.6303e-01  -3.1814e-02  -7.6807e-03  -1.1469e-03  -1.2200e-02  -3.1814e-02  -7.6796e-03  -4.6291e-01  -4.6298e-01  -2.1938e+02  -1.5235e+00  -1.2850e-01   1.5570e+00   1.0584e+00  -1.4633e+00   1.5638e-02   1.3859e-01   5.0564e-02  -8.8964e-02  -1.7461e-03   4.6557e-02  -1.0819e-03  -2.5782e-02   1.5638e-02   1.3609e-01  -5.6954e-02  -8.8966e-02  -1.2852e-01   1.5064e+00  -1.1297e+00  -1.4635e+00   2.3361e+00   6.6065e+00  -1.5369e-01  -7.3613e+00
  -1.4706e-01  -4.6298e-01  -4.4694e-01  -3.1814e-02  -1.2200e-02  -1.8346e-02  -4.4696e-01  -3.1814e-02  -4.6293e-01  -1.4708e-01  -1.5235e+00  -2.3432e+02  -1.4016e+00   6.5707e-01   1.0794e+00  -1.4633e+00  -2.7631e-01   5.5572e-01   3.0384e-01  -4.7271e-01  -1.0096e-01   1.8199e-01  -4.2276e-03  -1.2806e-01  -2.7632e-01   5.4101e-01  -3.2936e-01  -4.7272e-01  -1.4018e+00   6.0628e-01  -1.1088e+00  -1.4635e+00  -7.0091e+00  -8.4401e-16            0  -7.3613e+00
   7.0091e+00  -2.3363e+00  -1.4017e+00  -1.2853e-01  -1.5638e-02   2.7632e-01  -1.0094e-01  -1.7460e-03  -1.5635e-02   2.7631e-01  -1.2850e-01  -1.4016e+00  -2.8169e+02  -3.7399e-32            0   1.4378e-16  -2.3900e+00   3.1874e+00  -7.4265e-02  -2.3808e+00  -4.4287e-01  -3.3900e-18   2.0638e-18   1.4352e-18  -1.1314e-01   9.5179e-02  -1.7409e-01  -1.1365e-01  -4.4286e-01   9.2285e-20   3.9675e-18   1.4351e-18  -2.3898e+00  -1.6577e+00  -2.7231e+00  -2.3806e+00
  -7.3964e-16   3.1710e+00  -1.2634e+00  -1.7317e+00  -1.3609e-01  -5.4101e-01  -8.7316e-02  -2.2341e-02   2.5494e-02   1.4728e-02   1.5570e+00   6.5707e-01  -3.7399e-32  -2.8169e+02            0  -2.5937e-15   3.1874e+00   5.4957e+00  -2.1000e-01  -6.7321e+00   3.3900e-18   1.5027e+00  -1.1844e+00  -1.3823e+00   9.5179e-02   1.1008e-01  -4.7242e-01  -3.0841e-01  -9.2285e-20  -4.4142e-01   6.1993e-02   3.7632e-02  -1.6577e+00  -1.0788e+00   4.0051e+00   3.5013e+00
   1.3176e-15  -5.7980e+00   2.9436e-02  -7.3975e-01   5.6954e-02   3.2936e-01   1.5970e-01   4.0859e-02   1.4528e-01   6.3319e-01   1.0584e+00   1.0794e+00            0            0  -2.8169e+02            0  -7.4265e-02  -2.1000e-01  -3.5124e+00   1.5685e-01  -2.0638e-18  -1.1844e+00   2.7819e-01   8.4154e-01  -1.7409e-01  -4.7242e-01   7.1587e-01   5.6410e-01  -3.9675e-18   6.1993e-02   2.2223e+00   1.6179e+00  -2.7231e+00   4.0051e+00   3.0624e+00   5.7516e+00
  -7.3613e+00  -7.3616e+00  -1.4634e+00  -1.4636e+00  -8.8966e-02  -4.7272e-01  -1.2804e-01  -2.5781e-02  -8.8946e-02  -4.7271e-01  -1.4633e+00  -1.4633e+00   1.4378e-16  -2.5937e-15            0  -2.9017e+02   2.3808e+00   6.7321e+00  -1.5685e-01  -6.3633e+00   1.4352e-18   1.3823e+00  -8.4154e-01  -1.0780e+00   1.1365e-01   3.0841e-01  -5.6410e-01  -3.9423e-01   1.4351e-18  -3.7632e-02  -1.6179e+00  -1.0780e+00   2.3806e+00  -3.5013e+00  -5.7516e+00  -6.3628e+00
   1.4017e+00   1.2850e-01  -7.0091e+00   2.3360e+00   1.2852e-01   1.4018e+00  -2.7631e-01   1.5642e-02   1.7461e-03   1.0097e-01   1.5638e-02  -2.7631e-01  -2.3900e+00   3.1874e+00  -7.4265e-02   2.3808e+00  -2.8170e+02            0  -7.4798e-32  -1.4378e-16  -2.3903e+00  -1.5297e+00   2.7977e+00   2.3810e+00  -4.4286e-01  -9.2285e-20  -3.9675e-18  -1.4351e-18  -1.1317e-01   1.0320e-01   1.6951e-01   1.1368e-01  -4.4286e-01  -3.4821e-18  -1.9038e-18  -1.4351e-18
   1.2634e+00   1.6951e+00   1.2391e-15  -3.4356e+00  -1.5064e+00  -6.0628e-01   1.4728e-02  -1.8729e-02   2.4216e-02   9.4668e-02   1.3859e-01   5.5572e-01   3.1874e+00   5.4957e+00  -2.1000e-01   6.7321e+00            0  -2.8170e+02            0   3.1689e-15  -1.5297e+00  -1.4421e+00  -3.7961e+00  -3.2307e+00   9.2285e-20  -4.4142e-01   6.1993e-02   3.7632e-02   1.0320e-01   1.5531e-01   4.9863e-01   3.3439e-01   3.4821e-18   1.6100e+00   1.1224e+00   1.4199e+00
  -2.9436e-02  -8.1916e-01  -2.4543e-16  -5.6449e+00   1.1297e+00   1.1088e+00   6.3319e-01   1.4636e-01   3.9779e-02   1.5550e-01   5.0564e-02   3.0384e-01  -7.4265e-02  -2.1000e-01  -3.5124e+00  -1.5685e-01  -7.4798e-32            0  -2.8170e+02  -1.1503e-15   2.7977e+00  -3.7961e+00   3.4250e+00   5.9087e+00   3.9675e-18   6.1993e-02   2.2223e+00   1.6179e+00   1.6951e-01   4.9863e-01   6.7078e-01   5.4926e-01   1.9038e-18   1.1224e+00   1.7084e-01   7.7635e-01
  -1.4634e+00  -1.4632e+00  -7.3613e+00  -7.3610e+00  -1.4635e+00  -1.4635e+00  -4.7271e-01  -8.8983e-02  -2.5782e-02  -1.2807e-01  -8.8964e-02  -4.7271e-01  -2.3808e+00  -6.7321e+00   1.5685e-01  -6.3633e+00  -1.4378e-16   3.1689e-15  -1.1503e-15  -2.9018e+02  -2.3810e+00   3.2307e+00  -5.9087e+00  -6.3639e+00  -1.4351e-18  -3.7632e-02  -1.6179e+00  -1.0780e+00  -1.1368e-01  -3.3439e-01  -5.4926e-01  -3.9432e-01  -1.4351e-18  -1.4199e+00  -7.7635e-01  -1.0780e+00
   2.7632e-01  -1.5638e-02  -1.4018e+00  -1.2851e-01  -2.3361e+00   7.0091e+00  -1.4016e+00  -1.2852e-01  -1.5639e-02   2.7631e-01  -1.7461e-03  -1.0096e-01  -4.4287e-01   3.3900e-18  -2.0638e-18   1.4352e-18  -2.3903e+00  -1.5297e+00   2.7977e+00  -2.3810e+00  -2.8170e+02            0            0   1.4378e-16  -2.3898e+00  -1.6577e+00  -2.7231e+00  -2.3806e+00  -4.4286e-01   3.4821e-18   1.9038e-18   1.4351e-18  -1.1316e-01  -1.9838e-01   4.6084e-03  -1.1367e-01
   5.4101e-01   1.1309e-01   6.0628e-01   1.3814e-01  -6.6065e+00   8.4401e-16   6.5707e-01   2.2516e-01   1.1736e-01   5.5572e-01   4.6557e-02   1.8199e-01  -3.3900e-18   1.5027e+00  -1.1844e+00   1.3823e+00  -1.5297e+00  -1.4421e+00  -3.7961e+00   3.2307e+00            0  -2.8170e+02            0            0  -1.6577e+00  -1.0788e+00   4.0051e+00   3.5013e+00  -3.4821e-18   1.6100e+00   1.1224e+00   1.4199e+00  -1.9838e-01   9.7367e-01  -2.6062e-02   6.4282e-01
  -3.2936e-01  -9.4734e-02  -1.1088e+00  -1.8777e+00   1.5369e-01            0   1.0794e+00   1.8694e+00   8.9385e-02   3.0384e-01  -1.0819e-03  -4.2276e-03   2.0638e-18  -1.1844e+00   2.7819e-01  -8.4154e-01   2.7977e+00  -3.7961e+00   3.4250e+00  -5.9087e+00            0            0  -2.8170e+02            0  -2.7231e+00   4.0051e+00   3.0624e+00   5.7516e+00  -1.9038e-18   1.1224e+00   1.7084e-01   7.7635e-01   4.6084e-03  -2.6062e-02  -1.4763e-01  -1.4933e-02
  -4.7272e-01  -8.8965e-02  -1.4635e+00  -1.4633e+00  -7.3613e+00  -7.3613e+00  -1.4633e+00  -1.4635e+00  -8.8967e-02  -4.7271e-01  -2.5782e-02  -1.2806e-01   1.4352e-18  -1.3823e+00   8.4154e-01  -1.0780e+00   2.3810e+00  -3.2307e+00   5.9087e+00  -6.3639e+00   1.4378e-16            0            0  -2.9018e+02   2.3806e+00  -3.5013e+00  -5.7516e+00  -6.3628e+00   1.4351e-18  -1.4199e+00  -7.7635e-01  -1.0780e+00   1.1367e-01  -6.4282e-01   1.4933e-02  -3.9428e-01
   1.0094e-01   1.7460e-03  -2.7631e-01   1.5635e-02   1.2850e-01   1.4016e+00  -7.0091e+00   2.3363e+00   1.2853e-01   1.4017e+00   1.5638e-02  -2.7632e-01  -1.1314e-01   9.5179e-02  -1.7409e-01   1.1365e-01  -4.4286e-01   9.2285e-20   3.9675e-18  -1.4351e-18  -2.3898e+00  -1.6577e+00  -2.7231e+00   2.3806e+00  -2.8169e+02  -3.7399e-32            0  -1.4378e-16  -2.3900e+00   3.1874e+00  -7.4265e-02   2.3808e+00  -4.4287e-01  -3.3900e-18   2.0638e-18  -1.4352e-18
   8.7316e-02   2.2341e-02  -1.4728e-02  -2.5494e-02  -1.5570e+00  -6.5707e-01   7.3964e-16  -3.1710e+00   1.7317e+00   1.2634e+00   1.3609e-01   5.4101e-01   9.5179e-02   1.1008e-01  -4.7242e-01   3.0841e-01  -9.2285e-20  -4.4142e-01   6.1993e-02  -3.7632e-02  -1.6577e+00  -1.0788e+00   4.0051e+00  -3.5013e+00  -3.7399e-32  -2.8169e+02            0   2.5937e-15   3.1874e+00   5.4957e+00  -2.1000e-01   6.7321e+00   3.3900e-18   1.5027e+00  -1.1844e+00   1.3823e+00
  -1.5970e-01  -4.0859e-02  -6.3319e-01  -1.4528e-01  -1.0584e+00  -1.0794e+00  -1.3176e-15   5.7980e+00   7.3975e-01  -2.9436e-02  -5.6954e-02  -3.2936e-01  -1.7409e-01  -4.7242e-01   7.1587e-01  -5.6410e-01  -3.9675e-18   6.1993e-02   2.2223e+00  -1.6179e+00  -2.7231e+00   4.0051e+00   3.0624e+00  -5.7516e+00            0            0  -2.8169e+02            0  -7.4265e-02  -2.1000e-01  -3.5124e+00  -1.5685e-01  -2.0638e-18  -1.1844e+00   2.7819e-01  -8.4154e-01
  -1.2804e-01  -2.5781e-02  -4.7271e-01  -8.8946e-02  -1.4633e+00  -1.4633e+00  -7.3613e+00  -7.3616e+00  -1.4636e+00  -1.4634e+00  -8.8966e-02  -4.7272e-01  -1.1365e-01  -3.0841e-01   5.6410e-01  -3.9423e-01  -1.4351e-18   3.7632e-02   1.6179e+00  -1.0780e+00  -2.3806e+00   3.5013e+00   5.7516e+00  -6.3628e+00  -1.4378e-16   2.5937e-15            0  -2.9017e+02  -2.3808e+00  -6.7321e+00   1.5685e-01  -6.3633e+00  -1.4352e-18  -1.3823e+00   8.4154e-01  -1.0780e+00
   2.7631e-01  -1.5642e-02  -1.0097e-01  -1.7461e-03  -1.5638e-02   2.7631e-01  -1.4017e+00  -1.2850e-01  -2.3360e+00   7.0091e+00  -1.2852e-01  -1.4018e+00  -4.4286e-01  -9.2285e-20  -3.9675e-18   1.4351e-18  -1.1317e-01   1.0320e-01   1.6951e-01  -1.1368e-01  -4.4286e-01  -3.4821e-18  -1.9038e-18   1.4351e-18  -2.3900e+00   3.1874e+00  -7.4265e-02  -2.3808e+00  -2.8170e+02            0  -7.4798e-32   1.4378e-16  -2.3903e+00  -1.5297e+00   2.7977e+00  -2.3810e+00
  -1.4728e-02   1.8729e-02  -9.4668e-02  -2.4216e-02  -1.3859e-01  -5.5572e-01  -1.2634e+00  -1.6951e+00   3.4356e+00  -1.2391e-15   1.5064e+00   6.0628e-01   9.2285e-20  -4.4142e-01   6.1993e-02  -3.7632e-02   1.0320e-01   1.5531e-01   4.9863e-01  -3.3439e-01   3.4821e-18   1.6100e+00   1.1224e+00  -1.4199e+00   3.1874e+00   5.4957e+00  -2.1000e-01  -6.7321e+00            0  -2.8170e+02            0  -3.1689e-15  -1.5297e+00  -1.4421e+00  -3.7961e+00   3.2307e+00
  -6.3319e-01  -1.4636e-01  -1.5550e-01  -3.9779e-02  -5.0564e-02  -3.0384e-01   2.9436e-02   8.1916e-01   5.6449e+00   2.4543e-16  -1.1297e+00  -1.1088e+00   3.9675e-18   6.1993e-02   2.2223e+00  -1.6179e+00   1.6951e-01   4.9863e-01   6.7078e-01  -5.4926e-01   1.9038e-18   1.1224e+00   1.7084e-01  -7.7635e-01  -7.4265e-02  -2.1000e-01  -3.5124e+00   1.5685e-01  -7.4798e-32            0  -2.8170e+02   1.1503e-15   2.7977e+00  -3.7961e+00   3.4250e+00  -5.9087e+00
  -4.7271e-01  -8.8983e-02  -1.2807e-01  -2.5782e-02  -8.8964e-02  -4.7271e-01  -1.4634e+00  -1.4632e+00  -7.3610e+00  -7.3613e+00  -1.4635e+00  -1.4635e+00   1.4351e-18   3.7632e-02   1.6179e+00  -1.0780e+00   1.1368e-01   3.3439e-01   5.4926e-01  -3.9432e-01   1.4351e-18   1.4199e+00   7.7635e-01  -1.0780e+00   2.3808e+00   6.7321e+00  -1.5685e-01  -6.3633e+00   1.4378e-16  -3.1689e-15   1.1503e-15  -2.9018e+02   2.3810e+00  -3.2307e+00   5.9087e+00  -6.3639e+00
   1.4016e+00   1.2852e-01  -2.7631e-01   1.5639e-02   1.7461e-03   1.0096e-01  -2.7632e-01   1.5638e-02   1.2851e-01   1.4018e+00   2.3361e+00  -7.0091e+00  -2.3898e+00  -1.6577e+00  -2.7231e+00   2.3806e+00  -4.4286e-01   3.4821e-18   1.9038e-18  -1.4351e-18  -1.1316e-01  -1.9838e-01   4.6084e-03   1.1367e-01  -4.4287e-01   3.3900e-18  -2.0638e-18  -1.4352e-18  -2.3903e+00  -1.5297e+00   2.7977e+00   2.3810e+00  -2.8170e+02            0            0  -1.4378e-16
  -6.5707e-01  -2.2516e-01  -5.5572e-01  -1.1736e-01  -4.6557e-02  -1.8199e-01  -5.4101e-01  -1.1309e-01  -1.3814e-01  -6.0628e-01   6.6065e+00  -8.4401e-16  -1.6577e+00  -1.0788e+00   4.0051e+00  -3.5013e+00  -3.4821e-18   1.6100e+00   1.1224e+00  -1.4199e+00  -1.9838e-01   9.7367e-01  -2.6062e-02  -6.4282e-01  -3.3900e-18   1.5027e+00  -1.1844e+00  -1.3823e+00  -1.5297e+00  -1.4421e+00  -3.7961e+00  -3.2307e+00            0  -2.8170e+02            0            0
  -1.0794e+00  -1.8694e+00  -3.0384e-01  -8.9385e-02   1.0819e-03   4.2276e-03   3.2936e-01   9.4734e-02   1.8777e+00   1.1088e+00  -1.5369e-01            0  -2.7231e+00   4.0051e+00   3.0624e+00  -5.7516e+00  -1.9038e-18   1.1224e+00   1.7084e-01  -7.7635e-01   4.6084e-03  -2.6062e-02  -1.4763e-01   1.4933e-02   2.0638e-18  -1.1844e+00   2.7819e-01   8.4154e-01   2.7977e+00  -3.7961e+00   3.4250e+00   5.9087e+00            0            0  -2.8170e+02            0
  -1.4633e+00  -1.4635e+00  -4.7271e-01  -8.8967e-02  -2.5782e-02  -1.2806e-01  -4.7272e-01  -8.8965e-02  -1.4633e+00  -1.4635e+00  -7.3613e+00  -7.3613e+00  -2.3806e+00   3.5013e+00   5.7516e+00  -6.3628e+00  -1.4351e-18   1.4199e+00   7.7635e-01  -1.0780e+00  -1.1367e-01   6.4282e-01  -1.4933e-02  -3.9428e-01  -1.4352e-18   1.3823e+00  -8.4154e-01  -1.0780e+00  -2.3810e+00   3.2307e+00  -5.9087e+00  -6.3639e+00  -1.4378e-16            0            0  -2.9018e+02
extrapolatedErrorMatrixAlpha
        0        0        0        0        0        0        0        0        0        0        0        0        0        0        0        0        0        0        0        0        0        0        0        0        0        0        0        0        0        0        0        0        0        0        0        0
        0        0        0        0        0        0        0        0        0        0        0        0        0        0        0        0        0        0        0        0        0        0        0        0        0        0        0        0        0        0        0        0        0        0        0        0
        0        0        0        0        0        0        0        0        0        0        0        0        0        0        0        0        0        0        0        0        0        0        0        0        0        0        0        0        0        0        0        0        0        0        0        0
        0        0        0        0        0        0        0        0        0        0        0        0        0        0        0        0        0        0        0        0        0        0        0        0        0        0        0        0        0        0        0        0        0        0        0        0
        0        0        0        0        0        0        0        0        0        0        0        0        0        0        0        0        0        0        0        0        0        0        0        0        0        0        0        0        0        0        0        0        0        0        0        0
        0        0        0        0        0        0        0        0        0        0        0        0        0        0        0        0        0        0        0        0        0        0        0        0        0        0        0        0        0        0        0        0        0        0        0        0
        0        0        0        0        0        0        0        0        0        0        0        0        0        0        0        0        0        0        0        0        0        0        0        0        0        0        0        0        0        0        0        0        0        0        0        0
        0        0        0        0        0        0        0        0        0        0        0        0        0        0        0        0        0        0        0        0        0        0        0        0        0        0        0        0        0        0        0        0        0        0        0        0
        0        0        0        0        0        0        0        0        0        0        0        0        0        0        0        0        0        0        0        0        0        0        0        0        0        0        0        0        0        0        0        0        0        0        0        0
        0        0        0        0        0        0        0        0        0        0        0        0        0        0        0        0        0        0        0        0        0        0        0        0        0        0        0        0        0        0        0        0        0        0        0        0
        0        0        0        0        0        0        0        0        0        0        0        0        0        0        0        0        0        0        0        0        0        0        0        0        0        0        0        0        0        0        0        0        0        0        0        0
        0        0        0        0        0        0        0        0        0        0        0        0        0        0        0        0        0        0        0        0        0        0        0        0        0        0        0        0        0        0        0        0        0        0        0        0
        0        0        0        0        0        0        0        0        0        0        0        0        0        0        0        0        0        0        0        0        0        0        0        0        0        0        0        0        0        0        0        0        0        0        0        0
        0        0        0        0        0        0        0        0        0        0        0        0        0        0        0        0        0        0        0        0        0        0        0        0        0        0        0        0        0        0        0        0        0        0        0        0
        0        0        0        0        0        0        0        0        0        0        0        0        0        0        0        0        0        0        0        0        0        0        0        0        0        0        0        0        0        0        0        0        0        0        0        0
        0        0        0        0        0        0        0        0        0        0        0        0        0        0        0        0        0        0        0        0        0        0        0        0        0        0        0        0        0        0        0        0        0        0        0        0
        0        0        0        0        0        0        0        0        0        0        0        0        0        0        0        0        0        0        0        0        0        0        0        0        0        0        0        0        0        0        0        0        0        0        0        0
