Hello World!
gamma
   16.9990    9.1534    5.7603    4.9147    5.7603    9.1528   12.0103   12.0103    6.6701    6.6698    4.1781    5.2815    4.3648    3.6776    4.1781    5.2815    6.6701    6.6698
    9.1534   16.9990    9.1531    5.7603    4.9147    5.7603    6.6701    6.6701   12.0103   12.0101    6.6697    6.6700    5.2815    4.1781    3.6776    4.3648    4.1782    5.2815
    5.7603    9.1531   16.9990    9.1528    5.7603    4.9146    5.2815    4.1781    6.6700    6.6702   12.0106   12.0103    6.6698    6.6698    4.1780    5.2815    3.6776    4.3647
    4.9147    5.7603    9.1528   16.9990    9.1534    5.7603    4.3648    3.6776    5.2815    4.1781    6.6701    6.6698   12.0103   12.0103    6.6698    6.6701    4.1781    5.2815
    5.7603    4.9147    5.7603    9.1534   16.9990    9.1531    5.2815    4.1781    4.3648    3.6776    4.1782    5.2815    6.6701    6.6701   12.0101   12.0103    6.6697    6.6700
    9.1528    5.7603    4.9146    5.7603    9.1531   16.9990    6.6698    6.6698    5.2815    4.1780    3.6776    4.3647    5.2815    4.1781    6.6702    6.6700   12.0106   12.0103
   12.0103    6.6701    5.2815    4.3648    5.2815    6.6698   21.0778    8.0290    4.7173    5.8039    3.8681    5.7606    3.6505    3.5091    3.8681    5.7605    5.8041    4.7172
   12.0103    6.6701    4.1781    3.6776    4.1781    6.6698    8.0290   21.0778    5.8041    5.8039    3.3656    3.8681    3.5091    2.9119    3.3656    3.8681    5.8042    5.8039
    6.6701   12.0103    6.6700    5.2815    4.3648    5.2815    4.7173    5.8041   21.0778    8.0289    5.8039    4.7173    5.7605    3.8681    3.5091    3.6505    3.8682    5.7605
    6.6698   12.0101    6.6702    4.1781    3.6776    4.1780    5.8039    5.8039    8.0289   21.0778    5.8041    5.8041    3.8681    3.3656    2.9119    3.5091    3.3656    3.8680
    4.1781    6.6697   12.0106    6.6701    4.1782    3.6776    3.8681    3.3656    5.8039    5.8041   21.0778    8.0291    5.8041    5.8042    3.3656    3.8682    2.9119    3.5091
    5.2815    6.6700   12.0103    6.6698    5.2815    4.3647    5.7606    3.8681    4.7173    5.8041    8.0291   21.0778    4.7172    5.8039    3.8680    5.7605    3.5091    3.6505
    4.3648    5.2815    6.6698   12.0103    6.6701    5.2815    3.6505    3.5091    5.7605    3.8681    5.8041    4.7172   21.0778    8.0290    5.8039    4.7173    3.8681    5.7606
    3.6776    4.1781    6.6698   12.0103    6.6701    4.1781    3.5091    2.9119    3.8681    3.3656    5.8042    5.8039    8.0290   21.0778    5.8039    5.8041    3.3656    3.8681
    4.1781    3.6776    4.1780    6.6698   12.0101    6.6702    3.8681    3.3656    3.5091    2.9119    3.3656    3.8680    5.8039    5.8039   21.0778    8.0289    5.8041    5.8041
    5.2815    4.3648    5.2815    6.6701   12.0103    6.6700    5.7605    3.8681    3.6505    3.5091    3.8682    5.7605    4.7173    5.8041    8.0289   21.0778    5.8039    4.7173
    6.6701    4.1782    3.6776    4.1781    6.6697   12.0106    5.8041    5.8042    3.8682    3.3656    2.9119    3.5091    3.8681    3.3656    5.8041    5.8039   21.0778    8.0291
    6.6698    5.2815    4.3647    5.2815    6.6700   12.0103    4.7172    5.8039    5.7605    3.8680    3.5091    3.6505    5.7606    3.8681    5.8041    4.7173    8.0291   21.0778
Overlap
   1.0000e+00   1.6928e-01   1.6341e-02   5.1445e-02   3.5349e-03   4.9662e-02   2.0382e-03   1.3555e-03   3.5342e-03   4.9660e-02   5.1435e-02   1.6340e-02  -4.6727e-01   4.9310e-17  -8.7840e-17   4.9075e-01  -9.3446e-02  -8.4224e-02   1.9624e-03   9.7561e-02  -1.8421e-02  -3.6067e-02   2.1957e-02   3.1515e-02  -6.7296e-03  -5.8211e-03   1.0647e-02   8.5363e-03  -1.8421e-02   9.8188e-04   4.2213e-02   3.1514e-02  -9.3438e-02   4.3805e-02   7.1959e-02   9.7553e-02
   1.6928e-01   1.0000e+00   5.1433e-02   5.1441e-02   8.5329e-04   3.5349e-03   1.3555e-03   1.2744e-04   8.5335e-04   3.5355e-03   5.1448e-02   5.1442e-02   1.5575e-01  -2.1140e-01   3.8653e-01   4.9078e-01  -8.5665e-03  -1.1301e-01   5.4611e-02   9.7547e-02   1.0426e-03  -7.5392e-03   6.3156e-03   5.9310e-03  -1.1640e-04  -1.4894e-03   2.7239e-03   1.7187e-03   1.0428e-03  -1.2486e-03   9.7572e-03   5.9322e-03  -8.5683e-03   1.5011e-02   1.2463e-01   9.7565e-02
   1.6341e-02   5.1433e-02   1.0000e+00   1.6927e-01   5.1442e-02   1.6342e-02   4.9660e-02   3.5355e-03   1.3556e-03   2.0385e-03   3.5348e-03   4.9660e-02   9.3446e-02   8.4224e-02  -1.9624e-03   9.7561e-02   4.6727e-01  -8.2606e-17   1.6362e-17   4.9075e-01   9.3454e-02  -4.0419e-02   7.3922e-02   9.7568e-02   1.8421e-02   9.8188e-04   4.2213e-02   3.1514e-02   6.7310e-03   6.3112e-03   1.0367e-02   8.5381e-03   1.8421e-02   3.7048e-02   2.0256e-02   3.1514e-02
   5.1445e-02   5.1441e-02   1.6927e-01   1.0000e+00   5.1434e-02   5.1436e-02   3.5342e-03   8.5335e-04   1.2742e-04   1.3556e-03   8.5341e-04   3.5349e-03   8.5689e-03   1.1544e-01   4.9317e-02   9.7571e-02  -1.5574e-01   2.2904e-01   3.7633e-01   4.9074e-01   8.5670e-03  -9.2094e-03   1.2518e-01   9.7552e-02  -1.0423e-03   1.6996e-03   9.6850e-03   5.9298e-03   1.1641e-04   1.6144e-03   2.6520e-03   1.7188e-03  -1.0426e-03   7.8243e-03   5.9590e-03   5.9311e-03
   3.5349e-03   8.5329e-04   5.1442e-02   5.1434e-02   1.0000e+00   1.6927e-01   5.1435e-02   5.1448e-02   8.5341e-04   3.5348e-03   1.2743e-04   1.3555e-03   1.0426e-03   9.0726e-03  -3.7969e-03   5.9311e-03  -8.5683e-03   1.0043e-01  -7.5316e-02   9.7565e-02   1.5574e-01   4.4044e-01  -1.0246e-02   4.9075e-01  -8.5669e-03   1.0380e-01   7.0562e-02   9.7551e-02   1.0425e-03   9.2391e-03   3.3710e-03   5.9309e-03  -1.1640e-04   3.1038e-03  -7.2128e-05   1.7188e-03
   4.9662e-02   3.5349e-03   1.6342e-02   5.1436e-02   1.6927e-01   1.0000e+00   1.6340e-02   5.1442e-02   3.5349e-03   4.9660e-02   1.3555e-03   2.0384e-03  -1.8421e-02   3.6067e-02  -2.1957e-02   3.1515e-02  -9.3454e-02   4.0419e-02  -7.3922e-02   9.7568e-02  -4.6727e-01  -5.6267e-17            0   4.9075e-01  -9.3438e-02   4.3805e-02   7.1959e-02   9.7553e-02  -1.8421e-02   3.7048e-02   2.0256e-02   3.1514e-02  -6.7304e-03   1.2132e-02  -2.8184e-04   8.5374e-03
   2.0382e-03   1.3555e-03   4.9660e-02   3.5342e-03   5.1435e-02   1.6340e-02   1.0000e+00   1.6928e-01   5.1445e-02   1.6341e-02   3.5349e-03   4.9662e-02   6.7296e-03   5.8211e-03  -1.0647e-02   8.5363e-03   1.8421e-02  -9.8188e-04  -4.2213e-02   3.1514e-02   9.3438e-02  -4.3805e-02  -7.1959e-02   9.7553e-02   4.6727e-01  -4.9310e-17   8.7840e-17   4.9075e-01   9.3446e-02   8.4224e-02  -1.9624e-03   9.7561e-02   1.8421e-02   3.6067e-02  -2.1957e-02   3.1515e-02
   1.3555e-03   1.2744e-04   3.5355e-03   8.5335e-04   5.1448e-02   5.1442e-02   1.6928e-01   1.0000e+00   5.1441e-02   5.1433e-02   8.5329e-04   3.5349e-03   1.1640e-04   1.4894e-03  -2.7239e-03   1.7187e-03  -1.0428e-03   1.2486e-03  -9.7572e-03   5.9322e-03   8.5683e-03  -1.5011e-02  -1.2463e-01   9.7565e-02  -1.5575e-01   2.1140e-01  -3.8653e-01   4.9078e-01   8.5665e-03   1.1301e-01  -5.4611e-02   9.7547e-02  -1.0426e-03   7.5392e-03  -6.3156e-03   5.9310e-03
   3.5342e-03   8.5335e-04   1.3556e-03   1.2742e-04   8.5341e-04   3.5349e-03   5.1445e-02   5.1441e-02   1.0000e+00   1.6927e-01   5.1434e-02   5.1436e-02   1.0423e-03  -1.6996e-03  -9.6850e-03   5.9298e-03  -1.1641e-04  -1.6144e-03  -2.6520e-03   1.7188e-03   1.0426e-03  -7.8243e-03  -5.9590e-03   5.9311e-03  -8.5689e-03  -1.1544e-01  -4.9317e-02   9.7571e-02   1.5574e-01  -2.2904e-01  -3.7633e-01   4.9074e-01  -8.5670e-03   9.2094e-03  -1.2518e-01   9.7552e-02
   4.9660e-02   3.5355e-03   2.0385e-03   1.3556e-03   3.5348e-03   4.9660e-02   1.6341e-02   5.1433e-02   1.6927e-01   1.0000e+00   5.1442e-02   1.6342e-02  -1.8421e-02  -9.8188e-04  -4.2213e-02   3.1514e-02  -6.7310e-03  -6.3112e-03  -1.0367e-02   8.5381e-03  -1.8421e-02  -3.7048e-02  -2.0256e-02   3.1514e-02  -9.3446e-02  -8.4224e-02   1.9624e-03   9.7561e-02  -4.6727e-01   8.2606e-17  -1.6362e-17   4.9075e-01  -9.3454e-02   4.0419e-02  -7.3922e-02   9.7568e-02
   5.1435e-02   5.1448e-02   3.5348e-03   8.5341e-04   1.2743e-04   1.3555e-03   3.5349e-03   8.5329e-04   5.1434e-02   5.1442e-02   1.0000e+00   1.6927e-01   8.5669e-03  -1.0380e-01  -7.0562e-02   9.7551e-02  -1.0425e-03  -9.2391e-03  -3.3710e-03   5.9309e-03   1.1640e-04  -3.1038e-03   7.2128e-05   1.7188e-03  -1.0426e-03  -9.0726e-03   3.7969e-03   5.9311e-03   8.5683e-03  -1.0043e-01   7.5316e-02   9.7565e-02  -1.5574e-01  -4.4044e-01   1.0246e-02   4.9075e-01
   1.6340e-02   5.1442e-02   4.9660e-02   3.5349e-03   1.3555e-03   2.0384e-03   4.9662e-02   3.5349e-03   5.1436e-02   1.6342e-02   1.6927e-01   1.0000e+00   9.3438e-02  -4.3805e-02  -7.1959e-02   9.7553e-02   1.8421e-02  -3.7048e-02  -2.0256e-02   3.1514e-02   6.7304e-03  -1.2132e-02   2.8184e-04   8.5374e-03   1.8421e-02  -3.6067e-02   2.1957e-02   3.1515e-02   9.3454e-02  -4.0419e-02   7.3922e-02   9.7568e-02   4.6727e-01   5.6267e-17            0   4.9075e-01
  -4.6727e-01   1.5575e-01   9.3446e-02   8.5689e-03   1.0426e-03  -1.8421e-02   6.7296e-03   1.1640e-04   1.0423e-03  -1.8421e-02   8.5669e-03   9.3438e-02   1.0000e+00   1.7809e-33            0  -6.8468e-18   1.1381e-01  -1.5178e-01   3.5364e-03   1.1337e-01   2.1089e-02   1.6143e-19  -9.8274e-20  -6.8341e-20   5.3876e-03  -4.5323e-03   8.2898e-03   5.4118e-03   2.1088e-02  -4.3945e-21  -1.8893e-19  -6.8337e-20   1.1380e-01   7.8938e-02   1.2967e-01   1.1336e-01
   4.9310e-17  -2.1140e-01   8.4224e-02   1.1544e-01   9.0726e-03   3.6067e-02   5.8211e-03   1.4894e-03  -1.6996e-03  -9.8188e-04  -1.0380e-01  -4.3805e-02   1.7809e-33   1.0000e+00            0   1.2351e-16  -1.5178e-01  -2.6170e-01   9.9998e-03   3.2057e-01  -1.6143e-19  -7.1558e-02   5.6402e-02   6.5825e-02  -4.5323e-03  -5.2418e-03   2.2496e-02   1.4686e-02   4.3945e-21   2.1020e-02  -2.9520e-03  -1.7920e-03   7.8938e-02   5.1370e-02  -1.9072e-01  -1.6673e-01
  -8.7840e-17   3.8653e-01  -1.9624e-03   4.9317e-02  -3.7969e-03  -2.1957e-02  -1.0647e-02  -2.7239e-03  -9.6850e-03  -4.2213e-02  -7.0562e-02  -7.1959e-02            0            0   1.0000e+00            0   3.5364e-03   9.9998e-03   1.6726e-01  -7.4692e-03   9.8274e-20   5.6402e-02  -1.3247e-02  -4.0073e-02   8.2898e-03   2.2496e-02  -3.4089e-02  -2.6862e-02   1.8893e-19  -2.9520e-03  -1.0582e-01  -7.7041e-02   1.2967e-01  -1.9072e-01  -1.4583e-01  -2.7389e-01
   4.9075e-01   4.9078e-01   9.7561e-02   9.7571e-02   5.9311e-03   3.1515e-02   8.5363e-03   1.7187e-03   5.9298e-03   3.1514e-02   9.7551e-02   9.7553e-02  -6.8468e-18   1.2351e-16            0   1.0000e+00  -1.1337e-01  -3.2057e-01   7.4692e-03   3.0302e-01  -6.8341e-20  -6.5825e-02   4.0073e-02   5.1333e-02  -5.4118e-03  -1.4686e-02   2.6862e-02   1.8773e-02  -6.8337e-20   1.7920e-03   7.7041e-02   5.1331e-02  -1.1336e-01   1.6673e-01   2.7389e-01   3.0299e-01
  -9.3446e-02  -8.5665e-03   4.6727e-01  -1.5574e-01  -8.5683e-03  -9.3454e-02   1.8421e-02  -1.0428e-03  -1.1641e-04  -6.7310e-03  -1.0425e-03   1.8421e-02   1.1381e-01  -1.5178e-01   3.5364e-03  -1.1337e-01   1.0000e+00            0   3.5618e-33   6.8468e-18   1.1382e-01   7.2843e-02  -1.3322e-01  -1.1338e-01   2.1088e-02   4.3945e-21   1.8893e-19   6.8337e-20   5.3889e-03  -4.9142e-03  -8.0719e-03  -5.4132e-03   2.1088e-02   1.6581e-19   9.0659e-20   6.8337e-20
  -8.4224e-02  -1.1301e-01  -8.2606e-17   2.2904e-01   1.0043e-01   4.0419e-02  -9.8188e-04   1.2486e-03  -1.6144e-03  -6.3112e-03  -9.2391e-03  -3.7048e-02  -1.5178e-01  -2.6170e-01   9.9998e-03  -3.2057e-01            0   1.0000e+00            0  -1.5090e-16   7.2843e-02   6.8669e-02   1.8077e-01   1.5384e-01  -4.3945e-21   2.1020e-02  -2.9520e-03  -1.7920e-03  -4.9142e-03  -7.3959e-03  -2.3744e-02  -1.5923e-02  -1.6581e-19  -7.6668e-02  -5.3449e-02  -6.7615e-02
   1.9624e-03   5.4611e-02   1.6362e-17   3.7633e-01  -7.5316e-02  -7.3922e-02  -4.2213e-02  -9.7572e-03  -2.6520e-03  -1.0367e-02  -3.3710e-03  -2.0256e-02   3.5364e-03   9.9998e-03   1.6726e-01   7.4692e-03   3.5618e-33            0   1.0000e+00   5.4775e-17  -1.3322e-01   1.8077e-01  -1.6309e-01  -2.8137e-01  -1.8893e-19  -2.9520e-03  -1.0582e-01  -7.7041e-02  -8.0719e-03  -2.3744e-02  -3.1942e-02  -2.6155e-02  -9.0659e-20  -5.3449e-02  -8.1353e-03  -3.6969e-02
   9.7561e-02   9.7547e-02   4.9075e-01   4.9074e-01   9.7565e-02   9.7568e-02   3.1514e-02   5.9322e-03   1.7188e-03   8.5381e-03   5.9309e-03   3.1514e-02   1.1337e-01   3.2057e-01  -7.4692e-03   3.0302e-01   6.8468e-18  -1.5090e-16   5.4775e-17   1.0000e+00   1.1338e-01  -1.5384e-01   2.8137e-01   3.0304e-01   6.8337e-20   1.7920e-03   7.7041e-02   5.1331e-02   5.4132e-03   1.5923e-02   2.6155e-02   1.8777e-02   6.8337e-20   6.7615e-02   3.6969e-02   5.1331e-02
  -1.8421e-02   1.0426e-03   9.3454e-02   8.5670e-03   1.5574e-01  -4.6727e-01   9.3438e-02   8.5683e-03   1.0426e-03  -1.8421e-02   1.1640e-04   6.7304e-03   2.1089e-02  -1.6143e-19   9.8274e-20  -6.8341e-20   1.1382e-01   7.2843e-02  -1.3322e-01   1.1338e-01   1.0000e+00            0            0  -6.8468e-18   1.1380e-01   7.8938e-02   1.2967e-01   1.1336e-01   2.1088e-02  -1.6581e-19  -9.0659e-20  -6.8337e-20   5.3884e-03   9.4467e-03  -2.1945e-04   5.4127e-03
  -3.6067e-02  -7.5392e-03  -4.0419e-02  -9.2094e-03   4.4044e-01  -5.6267e-17  -4.3805e-02  -1.5011e-02  -7.8243e-03  -3.7048e-02  -3.1038e-03  -1.2132e-02   1.6143e-19  -7.1558e-02   5.6402e-02  -6.5825e-02   7.2843e-02   6.8669e-02   1.8077e-01  -1.5384e-01            0   1.0000e+00            0            0   7.8938e-02   5.1370e-02  -1.9072e-01  -1.6673e-01   1.6581e-19  -7.6668e-02  -5.3449e-02  -6.7615e-02   9.4467e-03  -4.6365e-02   1.2410e-03  -3.0610e-02
   2.1957e-02   6.3156e-03   7.3922e-02   1.2518e-01  -1.0246e-02            0  -7.1959e-02  -1.2463e-01  -5.9590e-03  -2.0256e-02   7.2128e-05   2.8184e-04  -9.8274e-20   5.6402e-02  -1.3247e-02   4.0073e-02  -1.3322e-01   1.8077e-01  -1.6309e-01   2.8137e-01            0            0   1.0000e+00            0   1.2967e-01  -1.9072e-01  -1.4583e-01  -2.7389e-01   9.0659e-20  -5.3449e-02  -8.1353e-03  -3.6969e-02  -2.1945e-04   1.2410e-03   7.0300e-03   7.1108e-04
   3.1515e-02   5.9310e-03   9.7568e-02   9.7552e-02   4.9075e-01   4.9075e-01   9.7553e-02   9.7565e-02   5.9311e-03   3.1514e-02   1.7188e-03   8.5374e-03  -6.8341e-20   6.5825e-02  -4.0073e-02   5.1333e-02  -1.1338e-01   1.5384e-01  -2.8137e-01   3.0304e-01  -6.8468e-18            0            0   1.0000e+00  -1.1336e-01   1.6673e-01   2.7389e-01   3.0299e-01  -6.8337e-20   6.7615e-02   3.6969e-02   5.1331e-02  -5.4127e-03   3.0610e-02  -7.1108e-04   1.8775e-02
  -6.7296e-03  -1.1640e-04   1.8421e-02  -1.0423e-03  -8.5669e-03  -9.3438e-02   4.6727e-01  -1.5575e-01  -8.5689e-03  -9.3446e-02  -1.0426e-03   1.8421e-02   5.3876e-03  -4.5323e-03   8.2898e-03  -5.4118e-03   2.1088e-02  -4.3945e-21  -1.8893e-19   6.8337e-20   1.1380e-01   7.8938e-02   1.2967e-01  -1.1336e-01   1.0000e+00   1.7809e-33            0   6.8468e-18   1.1381e-01  -1.5178e-01   3.5364e-03  -1.1337e-01   2.1089e-02   1.6143e-19  -9.8274e-20   6.8341e-20
  -5.8211e-03  -1.4894e-03   9.8188e-04   1.6996e-03   1.0380e-01   4.3805e-02  -4.9310e-17   2.1140e-01  -1.1544e-01  -8.4224e-02  -9.0726e-03  -3.6067e-02  -4.5323e-03  -5.2418e-03   2.2496e-02  -1.4686e-02   4.3945e-21   2.1020e-02  -2.9520e-03   1.7920e-03   7.8938e-02   5.1370e-02  -1.9072e-01   1.6673e-01   1.7809e-33   1.0000e+00            0  -1.2351e-16  -1.5178e-01  -2.6170e-01   9.9998e-03  -3.2057e-01  -1.6143e-19  -7.1558e-02   5.6402e-02  -6.5825e-02
   1.0647e-02   2.7239e-03   4.2213e-02   9.6850e-03   7.0562e-02   7.1959e-02   8.7840e-17  -3.8653e-01  -4.9317e-02   1.9624e-03   3.7969e-03   2.1957e-02   8.2898e-03   2.2496e-02  -3.4089e-02   2.6862e-02   1.8893e-19  -2.9520e-03  -1.0582e-01   7.7041e-02   1.2967e-01  -1.9072e-01  -1.4583e-01   2.7389e-01            0            0   1.0000e+00            0   3.5364e-03   9.9998e-03   1.6726e-01   7.4692e-03   9.8274e-20   5.6402e-02  -1.3247e-02   4.0073e-02
   8.5363e-03   1.7187e-03   3.1514e-02   5.9298e-03   9.7551e-02   9.7553e-02   4.9075e-01   4.9078e-01   9.7571e-02   9.7561e-02   5.9311e-03   3.1515e-02   5.4118e-03   1.4686e-02  -2.6862e-02   1.8773e-02   6.8337e-20  -1.7920e-03  -7.7041e-02   5.1331e-02   1.1336e-01  -1.6673e-01  -2.7389e-01   3.0299e-01   6.8468e-18  -1.2351e-16            0   1.0000e+00   1.1337e-01   3.2057e-01  -7.4692e-03   3.0302e-01   6.8341e-20   6.5825e-02  -4.0073e-02   5.1333e-02
  -1.8421e-02   1.0428e-03   6.7310e-03   1.1641e-04   1.0425e-03  -1.8421e-02   9.3446e-02   8.5665e-03   1.5574e-01  -4.6727e-01   8.5683e-03   9.3454e-02   2.1088e-02   4.3945e-21   1.8893e-19  -6.8337e-20   5.3889e-03  -4.9142e-03  -8.0719e-03   5.4132e-03   2.1088e-02   1.6581e-19   9.0659e-20  -6.8337e-20   1.1381e-01  -1.5178e-01   3.5364e-03   1.1337e-01   1.0000e+00            0   3.5618e-33  -6.8468e-18   1.1382e-01   7.2843e-02  -1.3322e-01   1.1338e-01
   9.8188e-04  -1.2486e-03   6.3112e-03   1.6144e-03   9.2391e-03   3.7048e-02   8.4224e-02   1.1301e-01  -2.2904e-01   8.2606e-17  -1.0043e-01  -4.0419e-02  -4.3945e-21   2.1020e-02  -2.9520e-03   1.7920e-03  -4.9142e-03  -7.3959e-03  -2.3744e-02   1.5923e-02  -1.6581e-19  -7.6668e-02  -5.3449e-02   6.7615e-02  -1.5178e-01  -2.6170e-01   9.9998e-03   3.2057e-01            0   1.0000e+00            0   1.5090e-16   7.2843e-02   6.8669e-02   1.8077e-01  -1.5384e-01
   4.2213e-02   9.7572e-03   1.0367e-02   2.6520e-03   3.3710e-03   2.0256e-02  -1.9624e-03  -5.4611e-02  -3.7633e-01  -1.6362e-17   7.5316e-02   7.3922e-02  -1.8893e-19  -2.9520e-03  -1.0582e-01   7.7041e-02  -8.0719e-03  -2.3744e-02  -3.1942e-02   2.6155e-02  -9.0659e-20  -5.3449e-02  -8.1353e-03   3.6969e-02   3.5364e-03   9.9998e-03   1.6726e-01  -7.4692e-03   3.5618e-33            0   1.0000e+00  -5.4775e-17  -1.3322e-01   1.8077e-01  -1.6309e-01   2.8137e-01
   3.1514e-02   5.9322e-03   8.5381e-03   1.7188e-03   5.9309e-03   3.1514e-02   9.7561e-02   9.7547e-02   4.9074e-01   4.9075e-01   9.7565e-02   9.7568e-02  -6.8337e-20  -1.7920e-03  -7.7041e-02   5.1331e-02  -5.4132e-03  -1.5923e-02  -2.6155e-02   1.8777e-02  -6.8337e-20  -6.7615e-02  -3.6969e-02   5.1331e-02  -1.1337e-01  -3.2057e-01   7.4692e-03   3.0302e-01  -6.8468e-18   1.5090e-16  -5.4775e-17   1.0000e+00  -1.1338e-01   1.5384e-01  -2.8137e-01   3.0304e-01
  -9.3438e-02  -8.5683e-03   1.8421e-02  -1.0426e-03  -1.1640e-04  -6.7304e-03   1.8421e-02  -1.0426e-03  -8.5670e-03  -9.3454e-02  -1.5574e-01   4.6727e-01   1.1380e-01   7.8938e-02   1.2967e-01  -1.1336e-01   2.1088e-02  -1.6581e-19  -9.0659e-20   6.8337e-20   5.3884e-03   9.4467e-03  -2.1945e-04  -5.4127e-03   2.1089e-02  -1.6143e-19   9.8274e-20   6.8341e-20   1.1382e-01   7.2843e-02  -1.3322e-01  -1.1338e-01   1.0000e+00            0            0   6.8468e-18
   4.3805e-02   1.5011e-02   3.7048e-02   7.8243e-03   3.1038e-03   1.2132e-02   3.6067e-02   7.5392e-03   9.2094e-03   4.0419e-02  -4.4044e-01   5.6267e-17   7.8938e-02   5.1370e-02  -1.9072e-01   1.6673e-01   1.6581e-19  -7.6668e-02  -5.3449e-02   6.7615e-02   9.4467e-03  -4.6365e-02   1.2410e-03   3.0610e-02   1.6143e-19  -7.1558e-02   5.6402e-02   6.5825e-02   7.2843e-02   6.8669e-02   1.8077e-01   1.5384e-01            0   1.0000e+00            0            0
   7.1959e-02   1.2463e-01   2.0256e-02   5.9590e-03  -7.2128e-05  -2.8184e-04  -2.1957e-02  -6.3156e-03  -1.2518e-01  -7.3922e-02   1.0246e-02            0   1.2967e-01  -1.9072e-01  -1.4583e-01   2.7389e-01   9.0659e-20  -5.3449e-02  -8.1353e-03   3.6969e-02  -2.1945e-04   1.2410e-03   7.0300e-03  -7.1108e-04  -9.8274e-20   5.6402e-02  -1.3247e-02  -4.0073e-02  -1.3322e-01   1.8077e-01  -1.6309e-01  -2.8137e-01            0            0   1.0000e+00            0
   9.7553e-02   9.7565e-02   3.1514e-02   5.9311e-03   1.7188e-03   8.5374e-03   3.1515e-02   5.9310e-03   9.7552e-02   9.7568e-02   4.9075e-01   4.9075e-01   1.1336e-01  -1.6673e-01  -2.7389e-01   3.0299e-01   6.8337e-20  -6.7615e-02  -3.6969e-02   5.1331e-02   5.4127e-03  -3.0610e-02   7.1108e-04   1.8775e-02   6.8341e-20  -6.5825e-02   4.0073e-02   5.1333e-02   1.1338e-01  -1.5384e-01   2.8137e-01   3.0304e-01   6.8468e-18            0            0   1.0000e+00
H_core
  -2.3431e+02  -1.5235e+00  -1.4707e-01  -4.6301e-01  -3.1814e-02  -4.4696e-01  -1.8344e-02  -1.2199e-02  -3.1808e-02  -4.4694e-01  -4.6292e-01  -1.4706e-01   7.0091e+00  -7.3964e-16   1.3176e-15  -7.3613e+00   1.4017e+00   1.2634e+00  -2.9436e-02  -1.4634e+00   2.7632e-01   5.4101e-01  -3.2936e-01  -4.7272e-01   1.0094e-01   8.7316e-02  -1.5970e-01  -1.2804e-01   2.7631e-01  -1.4728e-02  -6.3319e-01  -4.7271e-01   1.4016e+00  -6.5707e-01  -1.0794e+00  -1.4633e+00
  -1.5235e+00  -2.1939e+02  -4.6290e-01  -4.6297e-01  -7.6796e-03  -3.1814e-02  -1.2199e-02  -1.1470e-03  -7.6802e-03  -3.1820e-02  -4.6303e-01  -4.6298e-01  -2.3363e+00   3.1710e+00  -5.7980e+00  -7.3616e+00   1.2850e-01   1.6951e+00  -8.1916e-01  -1.4632e+00  -1.5638e-02   1.1309e-01  -9.4734e-02  -8.8965e-02   1.7460e-03   2.2341e-02  -4.0859e-02  -2.5781e-02  -1.5642e-02   1.8729e-02  -1.4636e-01  -8.8983e-02   1.2852e-01  -2.2516e-01  -1.8694e+00  -1.4635e+00
  -1.4707e-01  -4.6290e-01  -2.3432e+02  -1.5234e+00  -4.6298e-01  -1.4708e-01  -4.4694e-01  -3.1820e-02  -1.2200e-02  -1.8347e-02  -3.1814e-02  -4.4694e-01  -1.4017e+00  -1.2634e+00   2.9436e-02  -1.4634e+00  -7.0091e+00   1.2391e-15  -2.4543e-16  -7.3613e+00  -1.4018e+00   6.0628e-01  -1.1088e+00  -1.4635e+00  -2.7631e-01  -1.4728e-02  -6.3319e-01  -4.7271e-01  -1.0097e-01  -9.4668e-02  -1.5550e-01  -1.2807e-01  -2.7631e-01  -5.5572e-01  -3.0384e-01  -4.7271e-01
  -4.6301e-01  -4.6297e-01  -1.5234e+00  -2.1938e+02  -4.6291e-01  -4.6293e-01  -3.1808e-02  -7.6802e-03  -1.1468e-03  -1.2200e-02  -7.6807e-03  -3.1814e-02  -1.2853e-01  -1.7317e+00  -7.3975e-01  -1.4636e+00   2.3360e+00  -3.4356e+00  -5.6449e+00  -7.3610e+00  -1.2851e-01   1.3814e-01  -1.8777e+00  -1.4633e+00   1.5635e-02  -2.5494e-02  -1.4528e-01  -8.8946e-02  -1.7461e-03  -2.4216e-02  -3.9779e-02  -2.5782e-02   1.5639e-02  -1.1736e-01  -8.9385e-02  -8.8967e-02
  -3.1814e-02  -7.6796e-03  -4.6298e-01  -4.6291e-01  -2.1938e+02  -1.5235e+00  -4.6292e-01  -4.6303e-01  -7.6807e-03  -3.1814e-02  -1.1469e-03  -1.2200e-02  -1.5638e-02  -1.3609e-01   5.6954e-02  -8.8966e-02   1.2852e-01  -1.5064e+00   1.1297e+00  -1.4635e+00  -2.3361e+00  -6.6065e+00   1.5369e-01  -7.3613e+00   1.2850e-01  -1.5570e+00  -1.0584e+00  -1.4633e+00  -1.5638e-02  -1.3859e-01  -5.0564e-02  -8.8964e-02   1.7461e-03  -4.6557e-02   1.0819e-03  -2.5782e-02
  -4.4696e-01  -3.1814e-02  -1.4708e-01  -4.6293e-01  -1.5235e+00  -2.3432e+02  -1.4706e-01  -4.6298e-01  -3.1814e-02  -4.4694e-01  -1.2200e-02  -1.8346e-02   2.7632e-01  -5.4101e-01   3.2936e-01  -4.7272e-01   1.4018e+00  -6.0628e-01   1.1088e+00  -1.4635e+00   7.0091e+00   8.4401e-16            0  -7.3613e+00   1.4016e+00  -6.5707e-01  -1.0794e+00  -1.4633e+00   2.7631e-01  -5.5572e-01  -3.0384e-01  -4.7271e-01   1.0096e-01  -1.8199e-01   4.2276e-03  -1.2806e-01
  -1.8344e-02  -1.2199e-02  -4.4694e-01  -3.1808e-02  -4.6292e-01  -1.4706e-01  -2.3431e+02  -1.5235e+00  -4.6301e-01  -1.4707e-01  -3.1814e-02  -4.4696e-01  -1.0094e-01  -8.7316e-02   1.5970e-01  -1.2804e-01  -2.7631e-01   1.4728e-02   6.3319e-01  -4.7271e-01  -1.4016e+00   6.5707e-01   1.0794e+00  -1.4633e+00  -7.0091e+00   7.3964e-16  -1.3176e-15  -7.3613e+00  -1.4017e+00  -1.2634e+00   2.9436e-02  -1.4634e+00  -2.7632e-01  -5.4101e-01   3.2936e-01  -4.7272e-01
  -1.2199e-02  -1.1470e-03  -3.1820e-02  -7.6802e-03  -4.6303e-01  -4.6298e-01  -1.5235e+00  -2.1939e+02  -4.6297e-01  -4.6290e-01  -7.6796e-03  -3.1814e-02  -1.7460e-03  -2.2341e-02   4.0859e-02  -2.5781e-02   1.5642e-02  -1.8729e-02   1.4636e-01  -8.8983e-02  -1.2852e-01   2.2516e-01   1.8694e+00  -1.4635e+00   2.3363e+00  -3.1710e+00   5.7980e+00  -7.3616e+00  -1.2850e-01  -1.6951e+00   8.1916e-01  -1.4632e+00   1.5638e-02  -1.1309e-01   9.4734e-02  -8.8965e-02
  -3.1808e-02  -7.6802e-03  -1.2200e-02  -1.1468e-03  -7.6807e-03  -3.1814e-02  -4.6301e-01  -4.6297e-01  -2.1938e+02  -1.5234e+00  -4.6291e-01  -4.6293e-01  -1.5635e-02   2.5494e-02   1.4528e-01  -8.8946e-02   1.7461e-03   2.4216e-02   3.9779e-02  -2.5782e-02  -1.5639e-02   1.1736e-01   8.9385e-02  -8.8967e-02   1.2853e-01   1.7317e+00   7.3975e-01  -1.4636e+00  -2.3360e+00   3.4356e+00   5.6449e+00  -7.3610e+00   1.2851e-01  -1.3814e-01   1.8777e+00  -1.4633e+00
  -4.4694e-01  -3.1820e-02  -1.8347e-02  -1.2200e-02  -3.1814e-02  -4.4694e-01  -1.4707e-01  -4.6290e-01  -1.5234e+00  -2.3432e+02  -4.6298e-01  -1.4708e-01   2.7631e-01   1.4728e-02   6.3319e-01  -4.7271e-01   1.0097e-01   9.4668e-02   1.5550e-01  -1.2807e-01   2.7631e-01   5.5572e-01   3.0384e-01  -4.7271e-01   1.4017e+00   1.2634e+00  -2.9436e-02  -1.4634e+00   7.0091e+00  -1.2391e-15   2.4543e-16  -7.3613e+00   1.4018e+00  -6.0628e-01   1.1088e+00  -1.4635e+00
  -4.6292e-01  -4.6303e-01  -3.1814e-02  -7.6807e-03  -1.1469e-03  -1.2200e-02  -3.1814e-02  -7.6796e-03  -4.6291e-01  -4.6298e-01  -2.1938e+02  -1.5235e+00  -1.2850e-01   1.5570e+00   1.0584e+00  -1.4633e+00   1.5638e-02   1.3859e-01   5.0564e-02  -8.8964e-02  -1.7461e-03   4.6557e-02  -1.0819e-03  -2.5782e-02   1.5638e-02   1.3609e-01  -5.6954e-02  -8.8966e-02  -1.2852e-01   1.5064e+00  -1.1297e+00  -1.4635e+00   2.3361e+00   6.6065e+00  -1.5369e-01  -7.3613e+00
  -1.4706e-01  -4.6298e-01  -4.4694e-01  -3.1814e-02  -1.2200e-02  -1.8346e-02  -4.4696e-01  -3.1814e-02  -4.6293e-01  -1.4708e-01  -1.5235e+00  -2.3432e+02  -1.4016e+00   6.5707e-01   1.0794e+00  -1.4633e+00  -2.7631e-01   5.5572e-01   3.0384e-01  -4.7271e-01  -1.0096e-01   1.8199e-01  -4.2276e-03  -1.2806e-01  -2.7632e-01   5.4101e-01  -3.2936e-01  -4.7272e-01  -1.4018e+00   6.0628e-01  -1.1088e+00  -1.4635e+00  -7.0091e+00  -8.4401e-16            0  -7.3613e+00
   7.0091e+00  -2.3363e+00  -1.4017e+00  -1.2853e-01  -1.5638e-02   2.7632e-01  -1.0094e-01  -1.7460e-03  -1.5635e-02   2.7631e-01  -1.2850e-01  -1.4016e+00  -2.8169e+02  -3.7399e-32            0   1.4378e-16  -2.3900e+00   3.1874e+00  -7.4265e-02  -2.3808e+00  -4.4287e-01  -3.3900e-18   2.0638e-18   1.4352e-18  -1.1314e-01   9.5179e-02  -1.7409e-01  -1.1365e-01  -4.4286e-01   9.2285e-20   3.9675e-18   1.4351e-18  -2.3898e+00  -1.6577e+00  -2.7231e+00  -2.3806e+00
  -7.3964e-16   3.1710e+00  -1.2634e+00  -1.7317e+00  -1.3609e-01  -5.4101e-01  -8.7316e-02  -2.2341e-02   2.5494e-02   1.4728e-02   1.5570e+00   6.5707e-01  -3.7399e-32  -2.8169e+02            0  -2.5937e-15   3.1874e+00   5.4957e+00  -2.1000e-01  -6.7321e+00   3.3900e-18   1.5027e+00  -1.1844e+00  -1.3823e+00   9.5179e-02   1.1008e-01  -4.7242e-01  -3.0841e-01  -9.2285e-20  -4.4142e-01   6.1993e-02   3.7632e-02  -1.6577e+00  -1.0788e+00   4.0051e+00   3.5013e+00
   1.3176e-15  -5.7980e+00   2.9436e-02  -7.3975e-01   5.6954e-02   3.2936e-01   1.5970e-01   4.0859e-02   1.4528e-01   6.3319e-01   1.0584e+00   1.0794e+00            0            0  -2.8169e+02            0  -7.4265e-02  -2.1000e-01  -3.5124e+00   1.5685e-01  -2.0638e-18  -1.1844e+00   2.7819e-01   8.4154e-01  -1.7409e-01  -4.7242e-01   7.1587e-01   5.6410e-01  -3.9675e-18   6.1993e-02   2.2223e+00   1.6179e+00  -2.7231e+00   4.0051e+00   3.0624e+00   5.7516e+00
  -7.3613e+00  -7.3616e+00  -1.4634e+00  -1.4636e+00  -8.8966e-02  -4.7272e-01  -1.2804e-01  -2.5781e-02  -8.8946e-02  -4.7271e-01  -1.4633e+00  -1.4633e+00   1.4378e-16  -2.5937e-15            0  -2.9017e+02   2.3808e+00   6.7321e+00  -1.5685e-01  -6.3633e+00   1.4352e-18   1.3823e+00  -8.4154e-01  -1.0780e+00   1.1365e-01   3.0841e-01  -5.6410e-01  -3.9423e-01   1.4351e-18  -3.7632e-02  -1.6179e+00  -1.0780e+00   2.3806e+00  -3.5013e+00  -5.7516e+00  -6.3628e+00
   1.4017e+00   1.2850e-01  -7.0091e+00   2.3360e+00   1.2852e-01   1.4018e+00  -2.7631e-01   1.5642e-02   1.7461e-03   1.0097e-01   1.5638e-02  -2.7631e-01  -2.3900e+00   3.1874e+00  -7.4265e-02   2.3808e+00  -2.8170e+02            0  -7.4798e-32  -1.4378e-16  -2.3903e+00  -1.5297e+00   2.7977e+00   2.3810e+00  -4.4286e-01  -9.2285e-20  -3.9675e-18  -1.4351e-18  -1.1317e-01   1.0320e-01   1.6951e-01   1.1368e-01  -4.4286e-01  -3.4821e-18  -1.9038e-18  -1.4351e-18
   1.2634e+00   1.6951e+00   1.2391e-15  -3.4356e+00  -1.5064e+00  -6.0628e-01   1.4728e-02  -1.8729e-02   2.4216e-02   9.4668e-02   1.3859e-01   5.5572e-01   3.1874e+00   5.4957e+00  -2.1000e-01   6.7321e+00            0  -2.8170e+02            0   3.1689e-15  -1.5297e+00  -1.4421e+00  -3.7961e+00  -3.2307e+00   9.2285e-20  -4.4142e-01   6.1993e-02   3.7632e-02   1.0320e-01   1.5531e-01   4.9863e-01   3.3439e-01   3.4821e-18   1.6100e+00   1.1224e+00   1.4199e+00
  -2.9436e-02  -8.1916e-01  -2.4543e-16  -5.6449e+00   1.1297e+00   1.1088e+00   6.3319e-01   1.4636e-01   3.9779e-02   1.5550e-01   5.0564e-02   3.0384e-01  -7.4265e-02  -2.1000e-01  -3.5124e+00  -1.5685e-01  -7.4798e-32            0  -2.8170e+02  -1.1503e-15   2.7977e+00  -3.7961e+00   3.4250e+00   5.9087e+00   3.9675e-18   6.1993e-02   2.2223e+00   1.6179e+00   1.6951e-01   4.9863e-01   6.7078e-01   5.4926e-01   1.9038e-18   1.1224e+00   1.7084e-01   7.7635e-01
  -1.4634e+00  -1.4632e+00  -7.3613e+00  -7.3610e+00  -1.4635e+00  -1.4635e+00  -4.7271e-01  -8.8983e-02  -2.5782e-02  -1.2807e-01  -8.8964e-02  -4.7271e-01  -2.3808e+00  -6.7321e+00   1.5685e-01  -6.3633e+00  -1.4378e-16   3.1689e-15  -1.1503e-15  -2.9018e+02  -2.3810e+00   3.2307e+00  -5.9087e+00  -6.3639e+00  -1.4351e-18  -3.7632e-02  -1.6179e+00  -1.0780e+00  -1.1368e-01  -3.3439e-01  -5.4926e-01  -3.9432e-01  -1.4351e-18  -1.4199e+00  -7.7635e-01  -1.0780e+00
   2.7632e-01  -1.5638e-02  -1.4018e+00  -1.2851e-01  -2.3361e+00   7.0091e+00  -1.4016e+00  -1.2852e-01  -1.5639e-02   2.7631e-01  -1.7461e-03  -1.0096e-01  -4.4287e-01   3.3900e-18  -2.0638e-18   1.4352e-18  -2.3903e+00  -1.5297e+00   2.7977e+00  -2.3810e+00  -2.8170e+02            0            0   1.4378e-16  -2.3898e+00  -1.6577e+00  -2.7231e+00  -2.3806e+00  -4.4286e-01   3.4821e-18   1.9038e-18   1.4351e-18  -1.1316e-01  -1.9838e-01   4.6084e-03  -1.1367e-01
   5.4101e-01   1.1309e-01   6.0628e-01   1.3814e-01  -6.6065e+00   8.4401e-16   6.5707e-01   2.2516e-01   1.1736e-01   5.5572e-01   4.6557e-02   1.8199e-01  -3.3900e-18   1.5027e+00  -1.1844e+00   1.3823e+00  -1.5297e+00  -1.4421e+00  -3.7961e+00   3.2307e+00            0  -2.8170e+02            0            0  -1.6577e+00  -1.0788e+00   4.0051e+00   3.5013e+00  -3.4821e-18   1.6100e+00   1.1224e+00   1.4199e+00  -1.9838e-01   9.7367e-01  -2.6062e-02   6.4282e-01
  -3.2936e-01  -9.4734e-02  -1.1088e+00  -1.8777e+00   1.5369e-01            0   1.0794e+00   1.8694e+00   8.9385e-02   3.0384e-01  -1.0819e-03  -4.2276e-03   2.0638e-18  -1.1844e+00   2.7819e-01  -8.4154e-01   2.7977e+00  -3.7961e+00   3.4250e+00  -5.9087e+00            0            0  -2.8170e+02            0  -2.7231e+00   4.0051e+00   3.0624e+00   5.7516e+00  -1.9038e-18   1.1224e+00   1.7084e-01   7.7635e-01   4.6084e-03  -2.6062e-02  -1.4763e-01  -1.4933e-02
  -4.7272e-01  -8.8965e-02  -1.4635e+00  -1.4633e+00  -7.3613e+00  -7.3613e+00  -1.4633e+00  -1.4635e+00  -8.8967e-02  -4.7271e-01  -2.5782e-02  -1.2806e-01   1.4352e-18  -1.3823e+00   8.4154e-01  -1.0780e+00   2.3810e+00  -3.2307e+00   5.9087e+00  -6.3639e+00   1.4378e-16            0            0  -2.9018e+02   2.3806e+00  -3.5013e+00  -5.7516e+00  -6.3628e+00   1.4351e-18  -1.4199e+00  -7.7635e-01  -1.0780e+00   1.1367e-01  -6.4282e-01   1.4933e-02  -3.9428e-01
   1.0094e-01   1.7460e-03  -2.7631e-01   1.5635e-02   1.2850e-01   1.4016e+00  -7.0091e+00   2.3363e+00   1.2853e-01   1.4017e+00   1.5638e-02  -2.7632e-01  -1.1314e-01   9.5179e-02  -1.7409e-01   1.1365e-01  -4.4286e-01   9.2285e-20   3.9675e-18  -1.4351e-18  -2.3898e+00  -1.6577e+00  -2.7231e+00   2.3806e+00  -2.8169e+02  -3.7399e-32            0  -1.4378e-16  -2.3900e+00   3.1874e+00  -7.4265e-02   2.3808e+00  -4.4287e-01  -3.3900e-18   2.0638e-18  -1.4352e-18
   8.7316e-02   2.2341e-02  -1.4728e-02  -2.5494e-02  -1.5570e+00  -6.5707e-01   7.3964e-16  -3.1710e+00   1.7317e+00   1.2634e+00   1.3609e-01   5.4101e-01   9.5179e-02   1.1008e-01  -4.7242e-01   3.0841e-01  -9.2285e-20  -4.4142e-01   6.1993e-02  -3.7632e-02  -1.6577e+00  -1.0788e+00   4.0051e+00  -3.5013e+00  -3.7399e-32  -2.8169e+02            0   2.5937e-15   3.1874e+00   5.4957e+00  -2.1000e-01   6.7321e+00   3.3900e-18   1.5027e+00  -1.1844e+00   1.3823e+00
  -1.5970e-01  -4.0859e-02  -6.3319e-01  -1.4528e-01  -1.0584e+00  -1.0794e+00  -1.3176e-15   5.7980e+00   7.3975e-01  -2.9436e-02  -5.6954e-02  -3.2936e-01  -1.7409e-01  -4.7242e-01   7.1587e-01  -5.6410e-01  -3.9675e-18   6.1993e-02   2.2223e+00  -1.6179e+00  -2.7231e+00   4.0051e+00   3.0624e+00  -5.7516e+00            0            0  -2.8169e+02            0  -7.4265e-02  -2.1000e-01  -3.5124e+00  -1.5685e-01  -2.0638e-18  -1.1844e+00   2.7819e-01  -8.4154e-01
  -1.2804e-01  -2.5781e-02  -4.7271e-01  -8.8946e-02  -1.4633e+00  -1.4633e+00  -7.3613e+00  -7.3616e+00  -1.4636e+00  -1.4634e+00  -8.8966e-02  -4.7272e-01  -1.1365e-01  -3.0841e-01   5.6410e-01  -3.9423e-01  -1.4351e-18   3.7632e-02   1.6179e+00  -1.0780e+00  -2.3806e+00   3.5013e+00   5.7516e+00  -6.3628e+00  -1.4378e-16   2.5937e-15            0  -2.9017e+02  -2.3808e+00  -6.7321e+00   1.5685e-01  -6.3633e+00  -1.4352e-18  -1.3823e+00   8.4154e-01  -1.0780e+00
   2.7631e-01  -1.5642e-02  -1.0097e-01  -1.7461e-03  -1.5638e-02   2.7631e-01  -1.4017e+00  -1.2850e-01  -2.3360e+00   7.0091e+00  -1.2852e-01  -1.4018e+00  -4.4286e-01  -9.2285e-20  -3.9675e-18   1.4351e-18  -1.1317e-01   1.0320e-01   1.6951e-01  -1.1368e-01  -4.4286e-01  -3.4821e-18  -1.9038e-18   1.4351e-18  -2.3900e+00   3.1874e+00  -7.4265e-02  -2.3808e+00  -2.8170e+02            0  -7.4798e-32   1.4378e-16  -2.3903e+00  -1.5297e+00   2.7977e+00  -2.3810e+00
  -1.4728e-02   1.8729e-02  -9.4668e-02  -2.4216e-02  -1.3859e-01  -5.5572e-01  -1.2634e+00  -1.6951e+00   3.4356e+00  -1.2391e-15   1.5064e+00   6.0628e-01   9.2285e-20  -4.4142e-01   6.1993e-02  -3.7632e-02   1.0320e-01   1.5531e-01   4.9863e-01  -3.3439e-01   3.4821e-18   1.6100e+00   1.1224e+00  -1.4199e+00   3.1874e+00   5.4957e+00  -2.1000e-01  -6.7321e+00            0  -2.8170e+02            0  -3.1689e-15  -1.5297e+00  -1.4421e+00  -3.7961e+00   3.2307e+00
  -6.3319e-01  -1.4636e-01  -1.5550e-01  -3.9779e-02  -5.0564e-02  -3.0384e-01   2.9436e-02   8.1916e-01   5.6449e+00   2.4543e-16  -1.1297e+00  -1.1088e+00   3.9675e-18   6.1993e-02   2.2223e+00  -1.6179e+00   1.6951e-01   4.9863e-01   6.7078e-01  -5.4926e-01   1.9038e-18   1.1224e+00   1.7084e-01  -7.7635e-01  -7.4265e-02  -2.1000e-01  -3.5124e+00   1.5685e-01  -7.4798e-32            0  -2.8170e+02   1.1503e-15   2.7977e+00  -3.7961e+00   3.4250e+00  -5.9087e+00
  -4.7271e-01  -8.8983e-02  -1.2807e-01  -2.5782e-02  -8.8964e-02  -4.7271e-01  -1.4634e+00  -1.4632e+00  -7.3610e+00  -7.3613e+00  -1.4635e+00  -1.4635e+00   1.4351e-18   3.7632e-02   1.6179e+00  -1.0780e+00   1.1368e-01   3.3439e-01   5.4926e-01  -3.9432e-01   1.4351e-18   1.4199e+00   7.7635e-01  -1.0780e+00   2.3808e+00   6.7321e+00  -1.5685e-01  -6.3633e+00   1.4378e-16  -3.1689e-15   1.1503e-15  -2.9018e+02   2.3810e+00  -3.2307e+00   5.9087e+00  -6.3639e+00
   1.4016e+00   1.2852e-01  -2.7631e-01   1.5639e-02   1.7461e-03   1.0096e-01  -2.7632e-01   1.5638e-02   1.2851e-01   1.4018e+00   2.3361e+00  -7.0091e+00  -2.3898e+00  -1.6577e+00  -2.7231e+00   2.3806e+00  -4.4286e-01   3.4821e-18   1.9038e-18  -1.4351e-18  -1.1316e-01  -1.9838e-01   4.6084e-03   1.1367e-01  -4.4287e-01   3.3900e-18  -2.0638e-18  -1.4352e-18  -2.3903e+00  -1.5297e+00   2.7977e+00   2.3810e+00  -2.8170e+02            0            0  -1.4378e-16
  -6.5707e-01  -2.2516e-01  -5.5572e-01  -1.1736e-01  -4.6557e-02  -1.8199e-01  -5.4101e-01  -1.1309e-01  -1.3814e-01  -6.0628e-01   6.6065e+00  -8.4401e-16  -1.6577e+00  -1.0788e+00   4.0051e+00  -3.5013e+00  -3.4821e-18   1.6100e+00   1.1224e+00  -1.4199e+00  -1.9838e-01   9.7367e-01  -2.6062e-02  -6.4282e-01  -3.3900e-18   1.5027e+00  -1.1844e+00  -1.3823e+00  -1.5297e+00  -1.4421e+00  -3.7961e+00  -3.2307e+00            0  -2.8170e+02            0            0
  -1.0794e+00  -1.8694e+00  -3.0384e-01  -8.9385e-02   1.0819e-03   4.2276e-03   3.2936e-01   9.4734e-02   1.8777e+00   1.1088e+00  -1.5369e-01            0  -2.7231e+00   4.0051e+00   3.0624e+00  -5.7516e+00  -1.9038e-18   1.1224e+00   1.7084e-01  -7.7635e-01   4.6084e-03  -2.6062e-02  -1.4763e-01   1.4933e-02   2.0638e-18  -1.1844e+00   2.7819e-01   8.4154e-01   2.7977e+00  -3.7961e+00   3.4250e+00   5.9087e+00            0            0  -2.8170e+02            0
  -1.4633e+00  -1.4635e+00  -4.7271e-01  -8.8967e-02  -2.5782e-02  -1.2806e-01  -4.7272e-01  -8.8965e-02  -1.4633e+00  -1.4635e+00  -7.3613e+00  -7.3613e+00  -2.3806e+00   3.5013e+00   5.7516e+00  -6.3628e+00  -1.4351e-18   1.4199e+00   7.7635e-01  -1.0780e+00  -1.1367e-01   6.4282e-01  -1.4933e-02  -3.9428e-01  -1.4352e-18   1.3823e+00  -8.4154e-01  -1.0780e+00  -2.3810e+00   3.2307e+00  -5.9087e+00  -6.3639e+00  -1.4378e-16            0            0  -2.9018e+02
p = 18 q = 18
Iteration: 0
Fa
  -2.3431e+02  -1.5235e+00  -1.4707e-01  -4.6301e-01  -3.1814e-02  -4.4696e-01  -1.8344e-02  -1.2199e-02  -3.1808e-02  -4.4694e-01  -4.6292e-01  -1.4706e-01   7.0091e+00  -7.3964e-16   1.3176e-15  -7.3613e+00   1.4017e+00   1.2634e+00  -2.9436e-02  -1.4634e+00   2.7632e-01   5.4101e-01  -3.2936e-01  -4.7272e-01   1.0094e-01   8.7316e-02  -1.5970e-01  -1.2804e-01   2.7631e-01  -1.4728e-02  -6.3319e-01  -4.7271e-01   1.4016e+00  -6.5707e-01  -1.0794e+00  -1.4633e+00
  -1.5235e+00  -2.1939e+02  -4.6290e-01  -4.6297e-01  -7.6796e-03  -3.1814e-02  -1.2199e-02  -1.1470e-03  -7.6802e-03  -3.1820e-02  -4.6303e-01  -4.6298e-01  -2.3363e+00   3.1710e+00  -5.7980e+00  -7.3616e+00   1.2850e-01   1.6951e+00  -8.1916e-01  -1.4632e+00  -1.5638e-02   1.1309e-01  -9.4734e-02  -8.8965e-02   1.7460e-03   2.2341e-02  -4.0859e-02  -2.5781e-02  -1.5642e-02   1.8729e-02  -1.4636e-01  -8.8983e-02   1.2852e-01  -2.2516e-01  -1.8694e+00  -1.4635e+00
  -1.4707e-01  -4.6290e-01  -2.3432e+02  -1.5234e+00  -4.6298e-01  -1.4708e-01  -4.4694e-01  -3.1820e-02  -1.2200e-02  -1.8347e-02  -3.1814e-02  -4.4694e-01  -1.4017e+00  -1.2634e+00   2.9436e-02  -1.4634e+00  -7.0091e+00   1.2391e-15  -2.4543e-16  -7.3613e+00  -1.4018e+00   6.0628e-01  -1.1088e+00  -1.4635e+00  -2.7631e-01  -1.4728e-02  -6.3319e-01  -4.7271e-01  -1.0097e-01  -9.4668e-02  -1.5550e-01  -1.2807e-01  -2.7631e-01  -5.5572e-01  -3.0384e-01  -4.7271e-01
  -4.6301e-01  -4.6297e-01  -1.5234e+00  -2.1938e+02  -4.6291e-01  -4.6293e-01  -3.1808e-02  -7.6802e-03  -1.1468e-03  -1.2200e-02  -7.6807e-03  -3.1814e-02  -1.2853e-01  -1.7317e+00  -7.3975e-01  -1.4636e+00   2.3360e+00  -3.4356e+00  -5.6449e+00  -7.3610e+00  -1.2851e-01   1.3814e-01  -1.8777e+00  -1.4633e+00   1.5635e-02  -2.5494e-02  -1.4528e-01  -8.8946e-02  -1.7461e-03  -2.4216e-02  -3.9779e-02  -2.5782e-02   1.5639e-02  -1.1736e-01  -8.9385e-02  -8.8967e-02
  -3.1814e-02  -7.6796e-03  -4.6298e-01  -4.6291e-01  -2.1938e+02  -1.5235e+00  -4.6292e-01  -4.6303e-01  -7.6807e-03  -3.1814e-02  -1.1469e-03  -1.2200e-02  -1.5638e-02  -1.3609e-01   5.6954e-02  -8.8966e-02   1.2852e-01  -1.5064e+00   1.1297e+00  -1.4635e+00  -2.3361e+00  -6.6065e+00   1.5369e-01  -7.3613e+00   1.2850e-01  -1.5570e+00  -1.0584e+00  -1.4633e+00  -1.5638e-02  -1.3859e-01  -5.0564e-02  -8.8964e-02   1.7461e-03  -4.6557e-02   1.0819e-03  -2.5782e-02
  -4.4696e-01  -3.1814e-02  -1.4708e-01  -4.6293e-01  -1.5235e+00  -2.3432e+02  -1.4706e-01  -4.6298e-01  -3.1814e-02  -4.4694e-01  -1.2200e-02  -1.8346e-02   2.7632e-01  -5.4101e-01   3.2936e-01  -4.7272e-01   1.4018e+00  -6.0628e-01   1.1088e+00  -1.4635e+00   7.0091e+00   8.4401e-16            0  -7.3613e+00   1.4016e+00  -6.5707e-01  -1.0794e+00  -1.4633e+00   2.7631e-01  -5.5572e-01  -3.0384e-01  -4.7271e-01   1.0096e-01  -1.8199e-01   4.2276e-03  -1.2806e-01
