Hello World!
gamma
   16.9990    9.1948    5.4644    6.7362    6.7362    4.7320    4.2980    4.2980    5.4581    3.7720    3.7720    9.1902    4.2930    4.2930    6.7370    6.7370   11.9718   11.9718
    9.1948   16.9990    9.1943   11.9698   11.9698    5.4579    6.7402    6.7402    4.7252    4.2944    4.2944    5.4581    3.7670    3.7670    4.2946    4.2946    6.7403    6.7403
    5.4644    9.1943   16.9990    6.7360    6.7360    9.1902   11.9718   11.9718    5.4582    6.7368    6.7368    4.7321    4.2930    4.2930    3.7722    3.7722    4.2980    4.2980
    6.7362   11.9698    6.7360   21.0778    8.2831    4.2929    6.5394    5.1546    3.7669    3.7801    3.4442    4.2930    3.2716    3.0466    3.7802    3.4443    5.1546    6.5395
    6.7362   11.9698    6.7360    8.2831   21.0778    4.2929    5.1545    6.5394    3.7670    3.4442    3.7801    4.2930    3.0466    3.2716    3.4443    3.7803    6.5394    5.1545
    4.7320    5.4579    9.1902    4.2929    4.2929   16.9990    6.7369    6.7369    9.1946   11.9715   11.9716    5.4643    6.7361    6.7361    4.2980    4.2980    3.7721    3.7721
    4.2980    6.7402   11.9718    6.5394    5.1545    6.7369   21.0778    8.2782    4.2946    6.5391    5.1538    3.7722    3.7802    3.4443    3.2766    3.0504    3.4470    3.7841
    4.2980    6.7402   11.9718    5.1546    6.5394    6.7369    8.2782   21.0778    4.2946    5.1538    6.5391    3.7721    3.4443    3.7803    3.0504    3.2765    3.7841    3.4470
    5.4581    4.7252    5.4582    3.7669    3.7670    9.1946    4.2946    4.2946   16.9990    6.7400    6.7400    9.1944   11.9698   11.9699    6.7403    6.7403    4.2946    4.2946
    3.7720    4.2944    6.7368    3.7801    3.4442   11.9715    6.5391    5.1538    6.7400   21.0778    8.2786    4.2978    6.5391    5.1544    3.7840    3.4470    3.0503    3.2765
    3.7720    4.2944    6.7368    3.4442    3.7801   11.9716    5.1538    6.5391    6.7400    8.2786   21.0778    4.2978    5.1545    6.5391    3.4469    3.7839    3.2764    3.0503
    9.1902    5.4581    4.7321    4.2930    4.2930    5.4643    3.7722    3.7721    9.1944    4.2978    4.2978   16.9990    6.7362    6.7362   11.9720   11.9721    6.7371    6.7371
    4.2930    3.7670    4.2930    3.2716    3.0466    6.7361    3.7802    3.4443   11.9698    6.5391    5.1545    6.7362   21.0778    8.2829    6.5397    5.1547    3.4443    3.7803
    4.2930    3.7670    4.2930    3.0466    3.2716    6.7361    3.4443    3.7803   11.9699    5.1544    6.5391    6.7362    8.2829   21.0778    5.1547    6.5397    3.7803    3.4443
    6.7370    4.2946    3.7722    3.7802    3.4443    4.2980    3.2766    3.0504    6.7403    3.7840    3.4469   11.9720    6.5397    5.1547   21.0778    8.2784    5.1539    6.5393
    6.7370    4.2946    3.7722    3.4443    3.7803    4.2980    3.0504    3.2765    6.7403    3.4470    3.7839   11.9721    5.1547    6.5397    8.2784   21.0778    6.5393    5.1539
   11.9718    6.7403    4.2980    5.1546    6.5394    3.7721    3.4470    3.7841    4.2946    3.0503    3.2764    6.7371    3.4443    3.7803    5.1539    6.5393   21.0778    8.2781
   11.9718    6.7403    4.2980    6.5395    5.1545    3.7721    3.7841    3.4470    4.2946    3.2765    3.0503    6.7371    3.7803    3.4443    6.5393    5.1539    8.2781   21.0778
Overlap
   1.0000e+00   1.8459e-01   2.7969e-02   8.5307e-02   1.1073e-03   2.8600e-03   5.2638e-02  -3.7207e-02  -1.1317e-01   1.0152e-01   2.4793e-04   6.2228e-04   3.1556e-03  -7.0891e-03  -9.5138e-03   7.4824e-03   1.1169e-03   2.8873e-03   9.0275e-04  -3.3976e-03  -1.9057e-03   2.2500e-03   2.7988e-02   8.5312e-02   3.1774e-03  -1.1886e-02  -1.0936e-03   7.5318e-03   5.2751e-02  -1.1611e-01   2.7468e-02   1.0171e-01   3.6627e-01  -2.5062e-01  -1.4039e-01   4.8776e-01
   1.8459e-01   1.0000e+00   8.5305e-02   2.7970e-02   2.8600e-03   1.1073e-03  -5.2633e-02  -3.7210e-02  -1.1318e-01   1.0152e-01   6.2214e-04   2.4793e-04  -3.1551e-03  -7.0891e-03  -9.5136e-03   7.4822e-03   2.8868e-03   1.1169e-03  -9.0258e-04  -3.3973e-03  -1.9055e-03   2.2498e-03   8.5311e-02   2.7990e-02  -3.1769e-03  -1.1886e-02  -1.0936e-03   7.5312e-03  -5.2745e-02  -1.1612e-01   2.7467e-02   1.0171e-01  -3.6625e-01  -2.5065e-01  -1.4040e-01   4.8777e-01
   2.7969e-02   8.5305e-02   1.0000e+00   1.8461e-01   8.5323e-02   2.7994e-02  -3.6626e-01  -2.4696e-01   1.4680e-01   4.8779e-01   2.8859e-03   1.1166e-03  -5.2742e-02  -1.1678e-01  -2.4482e-02   1.0171e-01   6.2245e-04   2.4804e-04  -3.1768e-03  -1.1854e-02   1.3975e-03   7.5311e-03   2.8596e-03   1.1072e-03  -9.0278e-04  -3.3481e-03   1.9923e-03   2.2503e-03  -3.1553e-03  -6.8432e-03   9.6928e-03   7.4827e-03  -5.2630e-02  -3.4297e-02   1.1409e-01   1.0151e-01
   8.5307e-02   2.7970e-02   1.8461e-01   1.0000e+00   2.7992e-02   8.5323e-02   3.6626e-01  -2.4695e-01   1.4680e-01   4.8778e-01   1.1166e-03   2.8863e-03   5.2745e-02  -1.1678e-01  -2.4481e-02   1.0171e-01   2.4803e-04   6.2253e-04   3.1770e-03  -1.1854e-02   1.3975e-03   7.5313e-03   1.1072e-03   2.8594e-03   9.0281e-04  -3.3482e-03   1.9924e-03   2.2504e-03   3.1554e-03  -6.8430e-03   9.6926e-03   7.4825e-03   5.2629e-02  -3.4296e-02   1.1409e-01   1.0151e-01
   1.1073e-03   2.8600e-03   8.5323e-02   2.7992e-02   1.0000e+00   1.8489e-01  -5.2575e-02   8.1525e-02   8.6824e-02   1.0147e-01   8.5294e-02   2.7985e-02  -3.6588e-01   3.6536e-03   2.8759e-01   4.8761e-01   2.8596e-03   1.1072e-03  -5.2570e-02  -7.9275e-02   8.8872e-02   1.0146e-01   6.1128e-04   2.4387e-04  -3.1437e-03  -4.6692e-03   1.0872e-02   7.4600e-03  -8.8905e-04   4.9220e-05   3.8442e-03   2.2183e-03  -3.1438e-03   4.9459e-03   1.0749e-02   7.4601e-03
   2.8600e-03   1.1073e-03   2.7994e-02   8.5323e-02   1.8489e-01   1.0000e+00   5.2571e-02   8.1526e-02   8.6827e-02   1.0147e-01   2.7986e-02   8.5296e-02   3.6586e-01   3.6536e-03   2.8761e-01   4.8761e-01   1.1071e-03   2.8595e-03   5.2566e-02  -7.9275e-02   8.8874e-02   1.0146e-01   2.4387e-04   6.1116e-04   3.1432e-03  -4.6691e-03   1.0872e-02   7.4597e-03   8.8893e-04   4.9216e-05   3.8440e-03   2.2182e-03   3.1433e-03   4.9458e-03   1.0749e-02   7.4600e-03
   5.2638e-02  -5.2633e-02  -3.6626e-01   3.6626e-01  -5.2575e-02   5.2571e-02   1.0000e+00   1.0056e-36  -1.7903e-35   3.2594e-20  -3.1756e-03   3.1759e-03   1.7006e-01   5.5778e-06   3.1331e-06  -4.5089e-06  -9.0272e-04   9.0282e-04   1.5112e-02  -1.2522e-21   1.6014e-23   5.7654e-22  -3.1433e-03   3.1430e-03   5.2020e-03  -1.2211e-07   7.2681e-08   7.8703e-08   1.5001e-02   1.8256e-07  -3.2629e-07  -2.2150e-07   1.6980e-01   8.1736e-08   6.3886e-06   4.5025e-06
  -3.7207e-02  -3.7210e-02  -2.4696e-01  -2.4695e-01   8.1525e-02   8.1526e-02   1.0056e-36   1.0000e+00  -4.5831e-33   8.3440e-18   1.1882e-02   1.1883e-02   5.5778e-06  -1.9999e-01  -2.0787e-01   2.9914e-01   3.3478e-03   3.3480e-03   1.2522e-21  -8.4035e-02   1.2680e-03   5.8772e-02   4.6687e-03   4.6685e-03  -1.2211e-07  -2.6726e-02   1.9004e-02   2.0579e-02   1.8256e-07  -8.5101e-03   4.2020e-02   2.8526e-02   8.1736e-08   1.6972e-01  -6.2225e-03  -4.3854e-03
  -1.1317e-01  -1.1318e-01   1.4680e-01   1.4680e-01   8.6824e-02   8.6827e-02  -1.7903e-35  -4.5831e-33   1.0000e+00   3.4789e-17   1.0935e-03   1.0936e-03   3.1331e-06  -2.0787e-01   5.3300e-02   1.6803e-01  -1.9922e-03  -1.9923e-03  -1.6014e-23   1.2680e-03   1.5096e-02  -7.5165e-04  -1.0872e-02  -1.0871e-02   7.2681e-08   1.9004e-02  -6.1093e-03  -1.2249e-02  -3.2629e-07   4.2020e-02  -6.0100e-02  -5.0983e-02   6.3886e-06  -6.2225e-03  -3.1656e-01  -3.4277e-01
   1.0152e-01   1.0152e-01   4.8779e-01   4.8778e-01   1.0147e-01   1.0147e-01   3.2594e-20   8.3440e-18   3.4789e-17   1.0000e+00   7.5286e-03   7.5291e-03   4.5089e-06  -2.9914e-01  -1.6803e-01   3.0665e-01   2.2501e-03   2.2503e-03   5.7654e-22  -5.8772e-02   7.5165e-04   3.7907e-02   7.4595e-03   7.4592e-03  -7.8703e-08  -2.0579e-02   1.2249e-02   1.4117e-02   2.2150e-07  -2.8526e-02   5.0983e-02   3.7651e-02  -4.5025e-06   4.3854e-03   3.4277e-01   3.0628e-01
   2.4793e-04   6.2214e-04   2.8859e-03   1.1166e-03   8.5294e-02   2.7986e-02  -3.1756e-03   1.1882e-02   1.0935e-03   7.5286e-03   1.0000e+00   1.8462e-01  -5.2731e-02   1.1610e-01  -2.7455e-02   1.0169e-01   8.5292e-02   2.7967e-02  -3.6621e-01   2.5067e-01   1.4042e-01   4.8775e-01   2.8583e-03   1.1068e-03  -5.2621e-02   3.7212e-02   1.1316e-01   1.0150e-01  -3.1536e-03   7.0866e-03   9.5099e-03   7.4792e-03  -9.0231e-04   3.3964e-03   1.9051e-03   2.2492e-03
   6.2228e-04   2.4793e-04   1.1166e-03   2.8863e-03   2.7985e-02   8.5296e-02   3.1759e-03   1.1883e-02   1.0936e-03   7.5291e-03   1.8462e-01   1.0000e+00   5.2736e-02   1.1610e-01  -2.7455e-02   1.0169e-01   2.7966e-02   8.5292e-02   3.6622e-01   2.5065e-01   1.4042e-01   4.8774e-01   1.1068e-03   2.8583e-03   5.2622e-02   3.7210e-02   1.1316e-01   1.0150e-01   3.1539e-03   7.0865e-03   9.5100e-03   7.4792e-03   9.0238e-04   3.3967e-03   1.9052e-03   2.2494e-03
   3.1556e-03  -3.1551e-03  -5.2742e-02   5.2745e-02  -3.6588e-01   3.6586e-01   1.7006e-01   5.5778e-06   3.1331e-06   4.5089e-06  -5.2731e-02   5.2736e-02   1.0000e+00            0            0            0  -3.1552e-03   3.1555e-03   1.7007e-01  -5.4961e-06   3.2750e-06   4.5091e-06  -8.8893e-04   8.8886e-04   1.5001e-02  -5.4773e-07   9.7891e-07   6.6455e-07   5.1393e-03   1.8022e-09   1.4051e-07   7.7774e-08   1.5000e-02   7.6341e-07   1.2860e-06   8.8597e-07
  -7.0891e-03  -7.0891e-03  -1.1678e-01  -1.1678e-01   3.6536e-03   3.6536e-03   5.5778e-06  -1.9999e-01  -2.0787e-01  -2.9914e-01   1.1610e-01   1.1610e-01            0   1.0000e+00   5.6989e-32   5.4775e-17   6.8431e-03   6.8430e-03  -5.4961e-06  -1.8919e-01   2.1408e-01   2.9475e-01  -4.9278e-05  -4.9264e-05  -5.4773e-07  -8.5110e-03   4.2022e-02   2.8527e-02   1.8022e-09   5.1323e-03  -5.4913e-04  -3.0394e-04   7.6341e-07  -1.0696e-02  -4.3284e-02  -2.9821e-02
  -9.5138e-03  -9.5136e-03  -2.4482e-02  -2.4481e-02   2.8759e-01   2.8761e-01   3.1331e-06  -2.0787e-01   5.3300e-02  -1.6803e-01  -2.7455e-02  -2.7455e-02            0   5.6989e-32   1.0000e+00   1.0955e-16  -9.6924e-03  -9.6924e-03   3.2750e-06   2.1408e-01   4.2507e-02  -1.7564e-01  -3.8440e-03  -3.8437e-03   9.7891e-07   4.2022e-02  -6.0102e-02  -5.0985e-02   1.4051e-07  -5.4913e-04  -3.7675e-02  -2.3698e-02   1.2860e-06  -4.3284e-02  -5.7912e-02  -5.0233e-02
   7.4824e-03   7.4822e-03   1.0171e-01   1.0171e-01   4.8761e-01   4.8761e-01  -4.5089e-06   2.9914e-01   1.6803e-01   3.0665e-01   1.0169e-01   1.0169e-01            0   5.4775e-17   1.0955e-16   1.0000e+00   7.4825e-03   7.4825e-03  -4.5091e-06  -2.9475e-01   1.7564e-01   3.0666e-01   2.2182e-03   2.2180e-03  -6.6455e-07  -2.8527e-02   5.0985e-02   3.7653e-02  -7.7774e-08   3.0394e-04   2.3698e-02   1.3958e-02  -8.8597e-07   2.9821e-02   5.0233e-02   3.7649e-02
   1.1169e-03   2.8868e-03   6.2245e-04   2.4803e-04   2.8596e-03   1.1071e-03  -9.0272e-04   3.3478e-03  -1.9922e-03   2.2501e-03   8.5292e-02   2.7966e-02  -3.1552e-03   6.8431e-03  -9.6924e-03   7.4825e-03   1.0000e+00   1.8460e-01  -5.2628e-02   3.4294e-02  -1.1409e-01   1.0151e-01   8.5307e-02   2.7990e-02  -3.6625e-01   2.4696e-01  -1.4680e-01   4.8776e-01  -5.2739e-02   1.1677e-01   2.4480e-02   1.0170e-01  -3.1771e-03   1.1854e-02  -1.3977e-03   7.5316e-03
   2.8873e-03   1.1169e-03   2.4804e-04   6.2253e-04   1.1072e-03   2.8595e-03   9.0282e-04   3.3480e-03  -1.9923e-03   2.2503e-03   2.7967e-02   8.5292e-02   3.1555e-03   6.8430e-03  -9.6924e-03   7.4825e-03   1.8460e-01   1.0000e+00   5.2631e-02   3.4291e-02  -1.1408e-01   1.0151e-01   2.7988e-02   8.5310e-02   3.6626e-01   2.4694e-01  -1.4679e-01   4.8776e-01   5.2743e-02   1.1677e-01   2.4481e-02   1.0170e-01   3.1774e-03   1.1855e-02  -1.3977e-03   7.5321e-03
   9.0275e-04  -9.0258e-04  -3.1768e-03   3.1770e-03  -5.2570e-02   5.2566e-02   1.5112e-02   1.2522e-21  -1.6014e-23   5.7654e-22  -3.6621e-01   3.6622e-01   1.7007e-01  -5.4961e-06   3.2750e-06  -4.5091e-06  -5.2628e-02   5.2631e-02   1.0000e+00            0  -1.7903e-35   3.2594e-20  -3.1427e-03   3.1424e-03   1.6980e-01   4.0993e-08   3.1943e-06   2.2512e-06   1.4997e-02  -1.9083e-07  -3.2143e-07  -2.2145e-07   5.2011e-03   2.4782e-07   1.3904e-07   1.5738e-07
  -3.3976e-03  -3.3973e-03  -1.1854e-02  -1.1854e-02  -7.9275e-02  -7.9275e-02  -1.2522e-21  -8.4035e-02   1.2680e-03  -5.8772e-02   2.5067e-01   2.5065e-01  -5.4961e-06  -1.8919e-01   2.1408e-01  -2.9475e-01   3.4294e-02   3.4291e-02            0   1.0000e+00            0            0  -4.9450e-03  -4.9448e-03   4.0993e-08   1.6972e-01  -6.2416e-03  -4.3989e-03  -1.9083e-07  -1.0697e-02  -4.3279e-02  -2.9817e-02   2.4782e-07  -2.7682e-02  -1.8449e-02  -2.0882e-02
  -1.9057e-03  -1.9055e-03   1.3975e-03   1.3975e-03   8.8872e-02   8.8874e-02   1.6014e-23   1.2680e-03   1.5096e-02   7.5165e-04   1.4042e-01   1.4042e-01   3.2750e-06   2.1408e-01   4.2507e-02   1.7564e-01  -1.1409e-01  -1.1408e-01  -1.7903e-35            0   1.0000e+00   8.9564e-17  -1.0747e-02  -1.0746e-02   3.1943e-06  -6.2416e-03  -3.1656e-01  -3.4277e-01  -3.2143e-07  -4.3279e-02  -5.7903e-02  -5.0225e-02   1.3904e-07  -1.8449e-02  -5.1500e-03  -1.1716e-02
   2.2500e-03   2.2498e-03   7.5311e-03   7.5313e-03   1.0146e-01   1.0146e-01   5.7654e-22   5.8772e-02  -7.5165e-04   3.7907e-02   4.8775e-01   4.8774e-01   4.5091e-06   2.9475e-01  -1.7564e-01   3.0666e-01   1.0151e-01   1.0151e-01   3.2594e-20            0   8.9564e-17   1.0000e+00   7.4582e-03   7.4579e-03  -2.2512e-06   4.3989e-03   3.4277e-01   3.0628e-01   2.2145e-07   2.9817e-02   5.0225e-02   3.7643e-02  -1.5738e-07   2.0882e-02   1.1716e-02   1.4115e-02
   2.7988e-02   8.5311e-02   2.8596e-03   1.1072e-03   6.1128e-04   2.4387e-04  -3.1433e-03   4.6687e-03  -1.0872e-02   7.4595e-03   2.8583e-03   1.1068e-03  -8.8893e-04  -4.9278e-05  -3.8440e-03   2.2182e-03   8.5307e-02   2.7988e-02  -3.1427e-03  -4.9450e-03  -1.0747e-02   7.4582e-03   1.0000e+00   1.8490e-01  -5.2565e-02  -8.1517e-02  -8.6815e-02   1.0145e-01  -3.6586e-01  -3.6790e-03  -2.8761e-01   4.8761e-01  -5.2572e-02   7.9273e-02  -8.8883e-02   1.0146e-01
   8.5312e-02   2.7990e-02   1.1072e-03   2.8594e-03   2.4387e-04   6.1116e-04   3.1430e-03   4.6685e-03  -1.0871e-02   7.4592e-03   1.1068e-03   2.8583e-03   8.8886e-04  -4.9264e-05  -3.8437e-03   2.2180e-03   2.7990e-02   8.5310e-02   3.1424e-03  -4.9448e-03  -1.0746e-02   7.4579e-03   1.8490e-01   1.0000e+00   5.2563e-02  -8.1518e-02  -8.6818e-02   1.0146e-01   3.6585e-01  -3.6748e-03  -2.8762e-01   4.8761e-01   5.2568e-02   7.9274e-02  -8.8885e-02   1.0147e-01
   3.1774e-03  -3.1769e-03  -9.0278e-04   9.0281e-04  -3.1437e-03   3.1432e-03   5.2020e-03  -1.2211e-07   7.2681e-08  -7.8703e-08  -5.2621e-02   5.2622e-02   1.5001e-02  -5.4773e-07   9.7891e-07  -6.6455e-07  -3.6625e-01   3.6626e-01   1.6980e-01   4.0993e-08   3.1943e-06  -2.2512e-06  -5.2565e-02   5.2563e-02   1.0000e+00  -3.5510e-35  -8.6958e-37   3.0154e-20   1.7006e-01  -5.5775e-06  -3.1331e-06  -4.5087e-06   1.5115e-02   3.7643e-07  -4.8157e-09   2.2314e-07
  -1.1886e-02  -1.1886e-02  -3.3481e-03  -3.3482e-03  -4.6692e-03  -4.6691e-03  -1.2211e-07  -2.6726e-02   1.9004e-02  -2.0579e-02   3.7212e-02   3.7210e-02  -5.4773e-07  -8.5110e-03   4.2022e-02  -2.8527e-02   2.4696e-01   2.4694e-01   4.0993e-08   1.6972e-01  -6.2416e-03   4.3989e-03  -8.1517e-02  -8.1518e-02  -3.5510e-35   1.0000e+00   1.4247e-32  -4.9404e-16  -5.5775e-06  -1.9999e-01  -2.0787e-01  -2.9913e-01   3.7643e-07  -8.4043e-02   1.2686e-03  -5.8780e-02
  -1.0936e-03  -1.0936e-03   1.9923e-03   1.9924e-03   1.0872e-02   1.0872e-02   7.2681e-08   1.9004e-02  -6.1093e-03   1.2249e-02   1.1316e-01   1.1316e-01   9.7891e-07   4.2022e-02  -6.0102e-02   5.0985e-02  -1.4680e-01  -1.4679e-01   3.1943e-06  -6.2416e-03  -3.1656e-01   3.4277e-01  -8.6815e-02  -8.6818e-02  -8.6958e-37   1.4247e-32   1.0000e+00   1.3694e-17  -3.1331e-06  -2.0787e-01   5.3290e-02  -1.6803e-01  -4.8157e-09   1.2686e-03   1.5098e-02   7.5199e-04
   7.5318e-03   7.5312e-03   2.2503e-03   2.2504e-03   7.4600e-03   7.4597e-03   7.8703e-08   2.0579e-02  -1.2249e-02   1.4117e-02   1.0150e-01   1.0150e-01   6.6455e-07   2.8527e-02  -5.0985e-02   3.7653e-02   4.8776e-01   4.8776e-01   2.2512e-06  -4.3989e-03  -3.4277e-01   3.0628e-01   1.0145e-01   1.0146e-01   3.0154e-20  -4.9404e-16   1.3694e-17   1.0000e+00   4.5087e-06   2.9913e-01   1.6803e-01   3.0664e-01  -2.2314e-07   5.8780e-02  -7.5199e-04   3.7912e-02
   5.2751e-02  -5.2745e-02  -3.1553e-03   3.1554e-03  -8.8905e-04   8.8893e-04   1.5001e-02   1.8256e-07  -3.2629e-07   2.2150e-07  -3.1536e-03   3.1539e-03   5.1393e-03   1.8022e-09   1.4051e-07  -7.7774e-08  -5.2739e-02   5.2743e-02   1.4997e-02  -1.9083e-07  -3.2143e-07   2.2145e-07  -3.6586e-01   3.6585e-01   1.7006e-01  -5.5775e-06  -3.1331e-06   4.5087e-06   1.0000e+00  -1.7903e-35   5.3452e-36  -1.0933e-20   1.7009e-01   8.2444e-06  -4.9132e-06   6.7641e-06
  -1.1611e-01  -1.1612e-01  -6.8432e-03  -6.8430e-03   4.9220e-05   4.9216e-05   1.8256e-07  -8.5101e-03   4.2020e-02  -2.8526e-02   7.0866e-03   7.0865e-03   1.8022e-09   5.1323e-03  -5.4913e-04   3.0394e-04   1.1677e-01   1.1677e-01  -1.9083e-07  -1.0697e-02  -4.3279e-02   2.9817e-02  -3.6790e-03  -3.6748e-03  -5.5775e-06  -1.9999e-01  -2.0787e-01   2.9913e-01  -1.7903e-35   1.0000e+00  -3.6664e-32   3.4789e-17   8.2444e-06  -1.8917e-01   2.1410e-01  -2.9476e-01
   2.7468e-02   2.7467e-02   9.6928e-03   9.6926e-03   3.8442e-03   3.8440e-03  -3.2629e-07   4.2020e-02  -6.0100e-02   5.0983e-02   9.5099e-03   9.5100e-03   1.4051e-07  -5.4913e-04  -3.7675e-02   2.3698e-02   2.4480e-02   2.4481e-02  -3.2143e-07  -4.3279e-02  -5.7903e-02   5.0225e-02  -2.8761e-01  -2.8762e-01  -3.1331e-06  -2.0787e-01   5.3290e-02   1.6803e-01   5.3452e-36  -3.6664e-32   1.0000e+00   5.3058e-17  -4.9132e-06   2.1410e-01   4.2495e-02   1.7566e-01
   1.0171e-01   1.0171e-01   7.4827e-03   7.4825e-03   2.2183e-03   2.2182e-03  -2.2150e-07   2.8526e-02  -5.0983e-02   3.7651e-02   7.4792e-03   7.4792e-03   7.7774e-08  -3.0394e-04  -2.3698e-02   1.3958e-02   1.0170e-01   1.0170e-01  -2.2145e-07  -2.9817e-02  -5.0225e-02   3.7643e-02   4.8761e-01   4.8761e-01  -4.5087e-06  -2.9913e-01  -1.6803e-01   3.0664e-01  -1.0933e-20   3.4789e-17   5.3058e-17   1.0000e+00  -6.7641e-06   2.9476e-01  -1.7566e-01   3.0668e-01
   3.6627e-01  -3.6625e-01  -5.2630e-02   5.2629e-02  -3.1438e-03   3.1433e-03   1.6980e-01   8.1736e-08   6.3886e-06  -4.5025e-06  -9.0231e-04   9.0238e-04   1.5000e-02   7.6341e-07   1.2860e-06  -8.8597e-07  -3.1771e-03   3.1774e-03   5.2011e-03   2.4782e-07   1.3904e-07  -1.5738e-07  -5.2572e-02   5.2568e-02   1.5115e-02   3.7643e-07  -4.8157e-09  -2.2314e-07   1.7009e-01   8.2444e-06  -4.9132e-06  -6.7641e-06   1.0000e+00            0            0            0
  -2.5062e-01  -2.5065e-01  -3.4297e-02  -3.4296e-02   4.9459e-03   4.9458e-03   8.1736e-08   1.6972e-01  -6.2225e-03   4.3854e-03   3.3964e-03   3.3967e-03   7.6341e-07  -1.0696e-02  -4.3284e-02   2.9821e-02   1.1854e-02   1.1855e-02   2.4782e-07  -2.7682e-02  -1.8449e-02   2.0882e-02   7.9273e-02   7.9274e-02   3.7643e-07  -8.4043e-02   1.2686e-03   5.8780e-02   8.2444e-06  -1.8917e-01   2.1410e-01   2.9476e-01            0   1.0000e+00            0            0
  -1.4039e-01  -1.4040e-01   1.1409e-01   1.1409e-01   1.0749e-02   1.0749e-02   6.3886e-06  -6.2225e-03  -3.1656e-01   3.4277e-01   1.9051e-03   1.9052e-03   1.2860e-06  -4.3284e-02  -5.7912e-02   5.0233e-02  -1.3977e-03  -1.3977e-03   1.3904e-07  -1.8449e-02  -5.1500e-03   1.1716e-02  -8.8883e-02  -8.8885e-02  -4.8157e-09   1.2686e-03   1.5098e-02  -7.5199e-04  -4.9132e-06   2.1410e-01   4.2495e-02  -1.7566e-01            0            0   1.0000e+00            0
   4.8776e-01   4.8777e-01   1.0151e-01   1.0151e-01   7.4601e-03   7.4600e-03   4.5025e-06  -4.3854e-03  -3.4277e-01   3.0628e-01   2.2492e-03   2.2494e-03   8.8597e-07  -2.9821e-02  -5.0233e-02   3.7649e-02   7.5316e-03   7.5321e-03   1.5738e-07  -2.0882e-02  -1.1716e-02   1.4115e-02   1.0146e-01   1.0147e-01   2.2314e-07  -5.8780e-02   7.5199e-04   3.7912e-02   6.7641e-06  -2.9476e-01   1.7566e-01   3.0668e-01            0            0            0   1.0000e+00
H_core
  -2.2142e+02  -1.6613e+00  -2.5172e-01  -7.6776e-01  -9.9659e-03  -2.5740e-02  -7.8956e-01   5.5811e-01   1.6976e+00  -1.5228e+00  -2.2314e-03  -5.6006e-03  -4.7334e-02   1.0634e-01   1.4271e-01  -1.1224e-01  -1.0052e-02  -2.5986e-02  -1.3541e-02   5.0964e-02   2.8585e-02  -3.3750e-02  -2.5189e-01  -7.6781e-01  -4.7661e-02   1.7830e-01   1.6405e-02  -1.1298e-01  -7.9126e-01   1.7417e+00  -4.1202e-01  -1.5257e+00  -5.4940e+00   3.7593e+00   2.1059e+00  -7.3164e+00
  -1.6613e+00  -2.2142e+02  -7.6775e-01  -2.5173e-01  -2.5740e-02  -9.9658e-03   7.8949e-01   5.5816e-01   1.6977e+00  -1.5228e+00  -5.5993e-03  -2.2313e-03   4.7326e-02   1.0634e-01   1.4270e-01  -1.1223e-01  -2.5981e-02  -1.0052e-02   1.3539e-02   5.0960e-02   2.8583e-02  -3.3748e-02  -7.6780e-01  -2.5191e-01   4.7653e-02   1.7828e-01   1.6404e-02  -1.1297e-01   7.9117e-01   1.7418e+00  -4.1201e-01  -1.5257e+00   5.4937e+00   3.7597e+00   2.1060e+00  -7.3165e+00
  -2.5172e-01  -7.6775e-01  -2.2142e+02  -1.6615e+00  -7.6790e-01  -2.5195e-01   5.4939e+00   3.7045e+00  -2.2020e+00  -7.3168e+00  -2.5973e-02  -1.0050e-02   7.9113e-01   1.7517e+00   3.6723e-01  -1.5256e+00  -5.6021e-03  -2.2324e-03   4.7652e-02   1.7781e-01  -2.0962e-02  -1.1297e-01  -2.5736e-02  -9.9647e-03   1.3542e-02   5.0221e-02  -2.9885e-02  -3.3755e-02   4.7329e-02   1.0265e-01  -1.4539e-01  -1.1224e-01   7.8944e-01   5.1446e-01  -1.7113e+00  -1.5227e+00
  -7.6776e-01  -2.5173e-01  -1.6615e+00  -2.2142e+02  -2.5193e-01  -7.6791e-01  -5.4939e+00   3.7042e+00  -2.2020e+00  -7.3167e+00  -1.0049e-02  -2.5977e-02  -7.9118e-01   1.7517e+00   3.6721e-01  -1.5256e+00  -2.2323e-03  -5.6027e-03  -4.7655e-02   1.7781e-01  -2.0963e-02  -1.1297e-01  -9.9647e-03  -2.5734e-02  -1.3542e-02   5.0222e-02  -2.9886e-02  -3.3756e-02  -4.7330e-02   1.0264e-01  -1.4539e-01  -1.1224e-01  -7.8943e-01   5.1444e-01  -1.7113e+00  -1.5227e+00
  -9.9659e-03  -2.5740e-02  -7.6790e-01  -2.5193e-01  -2.2133e+02  -1.6640e+00   7.8863e-01  -1.2229e+00  -1.3024e+00  -1.5220e+00  -7.6764e-01  -2.5186e-01   5.4882e+00  -5.4803e-02  -4.3139e+00  -7.3142e+00  -2.5736e-02  -9.9644e-03   7.8855e-01   1.1891e+00  -1.3331e+00  -1.5219e+00  -5.5015e-03  -2.1948e-03   4.7155e-02   7.0039e-02  -1.6308e-01  -1.1190e-01   1.3336e-02  -7.3830e-04  -5.7663e-02  -3.3275e-02   4.7157e-02  -7.4188e-02  -1.6124e-01  -1.1190e-01
  -2.5740e-02  -9.9658e-03  -2.5195e-01  -7.6791e-01  -1.6640e+00  -2.2133e+02  -7.8857e-01  -1.2229e+00  -1.3024e+00  -1.5220e+00  -2.5187e-01  -7.6767e-01  -5.4880e+00  -5.4803e-02  -4.3141e+00  -7.3142e+00  -9.9643e-03  -2.5735e-02  -7.8849e-01   1.1891e+00  -1.3331e+00  -1.5219e+00  -2.1948e-03  -5.5005e-03  -4.7148e-02   7.0036e-02  -1.6308e-01  -1.1190e-01  -1.3334e-02  -7.3824e-04  -5.7659e-02  -3.3273e-02  -4.7150e-02  -7.4187e-02  -1.6124e-01  -1.1190e-01
  -7.8956e-01   7.8949e-01   5.4939e+00  -5.4939e+00   7.8863e-01  -7.8857e-01  -2.7684e+02  -2.1118e-35   3.7595e-34  -6.8447e-19   4.7634e-02  -4.7639e-02  -3.5713e+00  -1.1713e-04  -6.5796e-05   9.4687e-05   1.3541e-02  -1.3542e-02  -3.1736e-01   2.6295e-20  -3.3630e-22  -1.2107e-20   4.7149e-02  -4.7145e-02  -1.0924e-01   2.5643e-06  -1.5263e-06  -1.6528e-06  -3.1501e-01  -3.8338e-06   6.8521e-06   4.6516e-06  -3.5658e+00  -1.7165e-06  -1.3416e-04  -9.4552e-05
   5.5811e-01   5.5816e-01   3.7045e+00   3.7042e+00  -1.2229e+00  -1.2229e+00  -2.1118e-35  -2.7684e+02   9.6244e-32  -1.7522e-16  -1.7823e-01  -1.7824e-01  -1.1713e-04   4.1998e+00   4.3652e+00  -6.2819e+00  -5.0218e-02  -5.0220e-02  -2.6295e-20   1.7647e+00  -2.6628e-02  -1.2342e+00  -7.0031e-02  -7.0028e-02   2.5643e-06   5.6125e-01  -3.9908e-01  -4.3215e-01  -3.8338e-06   1.7871e-01  -8.8242e-01  -5.9904e-01  -1.7165e-06  -3.5642e+00   1.3067e-01   9.2094e-02
   1.6976e+00   1.6977e+00  -2.2020e+00  -2.2020e+00  -1.3024e+00  -1.3024e+00   3.7595e-34   9.6244e-32  -2.7684e+02  -7.3056e-16  -1.6402e-02  -1.6404e-02  -6.5796e-05   4.3652e+00  -1.1193e+00  -3.5287e+00   2.9883e-02   2.9884e-02   3.3630e-22  -2.6628e-02  -3.1702e-01   1.5785e-02   1.6307e-01   1.6307e-01  -1.5263e-06  -3.9908e-01   1.2830e-01   2.5722e-01   6.8521e-06  -8.8242e-01   1.2621e+00   1.0706e+00  -1.3416e-04   1.3067e-01   6.6478e+00   7.1982e+00
  -1.5228e+00  -1.5228e+00  -7.3168e+00  -7.3167e+00  -1.5220e+00  -1.5220e+00  -6.8447e-19  -1.7522e-16  -7.3056e-16  -2.8532e+02  -1.1293e-01  -1.1294e-01  -9.4687e-05   6.2819e+00   3.5287e+00  -6.4397e+00  -3.3752e-02  -3.3754e-02  -1.2107e-20   1.2342e+00  -1.5785e-02  -7.9605e-01  -1.1189e-01  -1.1189e-01   1.6528e-06   4.3215e-01  -2.5722e-01  -2.9647e-01  -4.6516e-06   5.9904e-01  -1.0706e+00  -7.9067e-01   9.4552e-05  -9.2094e-02  -7.1982e+00  -6.4319e+00
  -2.2314e-03  -5.5993e-03  -2.5973e-02  -1.0049e-02  -7.6764e-01  -2.5187e-01   4.7634e-02  -1.7823e-01  -1.6402e-02  -1.1293e-01  -2.2141e+02  -1.6616e+00   7.9096e-01  -1.7415e+00   4.1183e-01  -1.5254e+00  -7.6763e-01  -2.5170e-01   5.4932e+00  -3.7601e+00  -2.1063e+00  -7.3162e+00  -2.5725e-02  -9.9610e-03   7.8932e-01  -5.5819e-01  -1.6974e+00  -1.5225e+00   4.7305e-02  -1.0630e-01  -1.4265e-01  -1.1219e-01   1.3535e-02  -5.0947e-02  -2.8576e-02  -3.3738e-02
  -5.6006e-03  -2.2313e-03  -1.0050e-02  -2.5977e-02  -2.5186e-01  -7.6767e-01  -4.7639e-02  -1.7824e-01  -1.6404e-02  -1.1294e-01  -1.6616e+00  -2.2141e+02  -7.9104e-01  -1.7415e+00   4.1182e-01  -1.5254e+00  -2.5169e-01  -7.6763e-01  -5.4933e+00  -3.7598e+00  -2.1063e+00  -7.3161e+00  -9.9609e-03  -2.5725e-02  -7.8933e-01  -5.5814e-01  -1.6974e+00  -1.5225e+00  -4.7308e-02  -1.0630e-01  -1.4265e-01  -1.1219e-01  -1.3536e-02  -5.0950e-02  -2.8578e-02  -3.3741e-02
  -4.7334e-02   4.7326e-02   7.9113e-01  -7.9118e-01   5.4882e+00  -5.4880e+00  -3.5713e+00  -1.1713e-04  -6.5796e-05  -9.4687e-05   7.9096e-01  -7.9104e-01  -2.7680e+02            0            0            0   4.7328e-02  -4.7333e-02  -3.5715e+00   1.1542e-04  -6.8775e-05  -9.4691e-05   1.3334e-02  -1.3333e-02  -3.1503e-01   1.1502e-05  -2.0557e-05  -1.3956e-05  -1.0793e-01  -3.7846e-08  -2.9508e-06  -1.6333e-06  -3.1499e-01  -1.6032e-05  -2.7005e-05  -1.8605e-05
   1.0634e-01   1.0634e-01   1.7517e+00   1.7517e+00  -5.4803e-02  -5.4803e-02  -1.1713e-04   4.1998e+00   4.3652e+00   6.2819e+00  -1.7415e+00  -1.7415e+00            0  -2.7680e+02  -1.1968e-30  -1.1503e-15  -1.0265e-01  -1.0265e-01   1.1542e-04   3.9731e+00  -4.4957e+00  -6.1898e+00   7.3917e-04   7.3895e-04   1.1502e-05   1.7873e-01  -8.8247e-01  -5.9907e-01  -3.7846e-08  -1.0778e-01   1.1532e-02   6.3828e-03  -1.6032e-05   2.2462e-01   9.0897e-01   6.2624e-01
   1.4271e-01   1.4270e-01   3.6723e-01   3.6721e-01  -4.3139e+00  -4.3141e+00  -6.5796e-05   4.3652e+00  -1.1193e+00   3.5287e+00   4.1183e-01   4.1182e-01            0  -1.1968e-30  -2.7680e+02  -2.3005e-15   1.4539e-01   1.4539e-01  -6.8775e-05  -4.4957e+00  -8.9265e-01   3.6884e+00   5.7659e-02   5.7655e-02  -2.0557e-05  -8.8247e-01   1.2621e+00   1.0707e+00  -2.9508e-06   1.1532e-02   7.9118e-01   4.9765e-01  -2.7005e-05   9.0897e-01   1.2161e+00   1.0549e+00
  -1.1224e-01  -1.1223e-01  -1.5256e+00  -1.5256e+00  -7.3142e+00  -7.3142e+00   9.4687e-05  -6.2819e+00  -3.5287e+00  -6.4397e+00  -1.5254e+00  -1.5254e+00            0  -1.1503e-15  -2.3005e-15  -2.8528e+02  -1.1224e-01  -1.1224e-01   9.4691e-05   6.1898e+00  -3.6884e+00  -6.4399e+00  -3.3272e-02  -3.3270e-02   1.3956e-05   5.9907e-01  -1.0707e+00  -7.9071e-01   1.6333e-06  -6.3828e-03  -4.9765e-01  -2.9312e-01   1.8605e-05  -6.2624e-01  -1.0549e+00  -7.9063e-01
  -1.0052e-02  -2.5981e-02  -5.6021e-03  -2.2323e-03  -2.5736e-02  -9.9643e-03   1.3541e-02  -5.0218e-02   2.9883e-02  -3.3752e-02  -7.6763e-01  -2.5169e-01   4.7328e-02  -1.0265e-01   1.4539e-01  -1.1224e-01  -2.2142e+02  -1.6614e+00   7.8942e-01  -5.1440e-01   1.7113e+00  -1.5226e+00  -7.6777e-01  -2.5191e-01   5.4937e+00  -3.7043e+00   2.2020e+00  -7.3164e+00   7.9109e-01  -1.7516e+00  -3.6720e-01  -1.5255e+00   4.7657e-02  -1.7781e-01   2.0965e-02  -1.1297e-01
  -2.5986e-02  -1.0052e-02  -2.2324e-03  -5.6027e-03  -9.9644e-03  -2.5735e-02  -1.3542e-02  -5.0220e-02   2.9884e-02  -3.3754e-02  -2.5170e-01  -7.6763e-01  -4.7333e-02  -1.0265e-01   1.4539e-01  -1.1224e-01  -1.6614e+00  -2.2142e+02  -7.8946e-01  -5.1437e-01   1.7113e+00  -1.5226e+00  -2.5189e-01  -7.6779e-01  -5.4938e+00  -3.7041e+00   2.2019e+00  -7.3164e+00  -7.9115e-01  -1.7516e+00  -3.6721e-01  -1.5255e+00  -4.7661e-02  -1.7783e-01   2.0966e-02  -1.1298e-01
  -1.3541e-02   1.3539e-02   4.7652e-02  -4.7655e-02   7.8855e-01  -7.8849e-01  -3.1736e-01  -2.6295e-20   3.3630e-22  -1.2107e-20   5.4932e+00  -5.4933e+00  -3.5715e+00   1.1542e-04  -6.8775e-05   9.4691e-05   7.8942e-01  -7.8946e-01  -2.7684e+02            0   3.7595e-34  -6.8447e-19   4.7140e-02  -4.7137e-02  -3.5658e+00  -8.6085e-07  -6.7079e-05  -4.7275e-05  -3.1494e-01   4.0074e-06   6.7501e-06   4.6505e-06  -1.0922e-01  -5.2043e-06  -2.9199e-06  -3.3050e-06
   5.0964e-02   5.0960e-02   1.7781e-01   1.7781e-01   1.1891e+00   1.1891e+00   2.6295e-20   1.7647e+00  -2.6628e-02   1.2342e+00  -3.7601e+00  -3.7598e+00   1.1542e-04   3.9731e+00  -4.4957e+00   6.1898e+00  -5.1440e-01  -5.1437e-01            0  -2.7684e+02            0            0   7.4174e-02   7.4172e-02  -8.6085e-07  -3.5641e+00   1.3107e-01   9.2376e-02   4.0074e-06   2.2463e-01   9.0887e-01   6.2617e-01  -5.2043e-06   5.8132e-01   3.8743e-01   4.3853e-01
   2.8585e-02   2.8583e-02  -2.0962e-02  -2.0963e-02  -1.3331e+00  -1.3331e+00  -3.3630e-22  -2.6628e-02  -3.1702e-01  -1.5785e-02  -2.1063e+00  -2.1063e+00  -6.8775e-05  -4.4957e+00  -8.9265e-01  -3.6884e+00   1.7113e+00   1.7113e+00   3.7595e-34            0  -2.7684e+02  -1.8808e-15   1.6120e-01   1.6120e-01  -6.7079e-05   1.3107e-01   6.6477e+00   7.1981e+00   6.7501e-06   9.0887e-01   1.2160e+00   1.0547e+00  -2.9199e-06   3.8743e-01   1.0815e-01   2.4604e-01
  -3.3750e-02  -3.3748e-02  -1.1297e-01  -1.1297e-01  -1.5219e+00  -1.5219e+00  -1.2107e-20  -1.2342e+00   1.5785e-02  -7.9605e-01  -7.3162e+00  -7.3161e+00  -9.4691e-05  -6.1898e+00   3.6884e+00  -6.4399e+00  -1.5226e+00  -1.5226e+00  -6.8447e-19            0  -1.8808e-15  -2.8532e+02  -1.1187e-01  -1.1187e-01   4.7275e-05  -9.2376e-02  -7.1981e+00  -6.4318e+00  -4.6505e-06  -6.2617e-01  -1.0547e+00  -7.9050e-01   3.3050e-06  -4.3853e-01  -2.4604e-01  -2.9642e-01
  -2.5189e-01  -7.6780e-01  -2.5736e-02  -9.9647e-03  -5.5015e-03  -2.1948e-03   4.7149e-02  -7.0031e-02   1.6307e-01  -1.1189e-01  -2.5725e-02  -9.9609e-03   1.3334e-02   7.3917e-04   5.7659e-02  -3.3272e-02  -7.6777e-01  -2.5189e-01   4.7140e-02   7.4174e-02   1.6120e-01  -1.1187e-01  -2.2133e+02  -1.6641e+00   7.8848e-01   1.2227e+00   1.3022e+00  -1.5218e+00   5.4880e+00   5.5186e-02   4.3141e+00  -7.3142e+00   7.8858e-01  -1.1891e+00   1.3332e+00  -1.5220e+00
  -7.6781e-01  -2.5191e-01  -9.9647e-03  -2.5734e-02  -2.1948e-03  -5.5005e-03  -4.7145e-02  -7.0028e-02   1.6307e-01  -1.1189e-01  -9.9610e-03  -2.5725e-02  -1.3333e-02   7.3895e-04   5.7655e-02  -3.3270e-02  -2.5191e-01  -7.6779e-01  -4.7137e-02   7.4172e-02   1.6120e-01  -1.1187e-01  -1.6641e+00  -2.2133e+02  -7.8844e-01   1.2228e+00   1.3023e+00  -1.5218e+00  -5.4878e+00   5.5122e-02   4.3143e+00  -7.3141e+00  -7.8852e-01  -1.1891e+00   1.3333e+00  -1.5220e+00
  -4.7661e-02   4.7653e-02   1.3542e-02  -1.3542e-02   4.7155e-02  -4.7148e-02  -1.0924e-01   2.5643e-06  -1.5263e-06   1.6528e-06   7.8932e-01  -7.8933e-01  -3.1503e-01   1.1502e-05  -2.0557e-05   1.3956e-05   5.4937e+00  -5.4938e+00  -3.5658e+00  -8.6085e-07  -6.7079e-05   4.7275e-05   7.8848e-01  -7.8844e-01  -2.7684e+02   7.4572e-34   1.8261e-35  -6.3323e-19  -3.5712e+00   1.1713e-04   6.5795e-05   9.4683e-05  -3.1740e-01  -7.9050e-06   1.0113e-07  -4.6860e-06
   1.7830e-01   1.7828e-01   5.0221e-02   5.0222e-02   7.0039e-02   7.0036e-02   2.5643e-06   5.6125e-01  -3.9908e-01   4.3215e-01  -5.5819e-01  -5.5814e-01   1.1502e-05   1.7873e-01  -8.8247e-01   5.9907e-01  -3.7043e+00  -3.7041e+00  -8.6085e-07  -3.5641e+00   1.3107e-01  -9.2376e-02   1.2227e+00   1.2228e+00   7.4572e-34  -2.7684e+02  -2.9919e-31   1.0375e-14   1.1713e-04   4.1997e+00   4.3652e+00   6.2817e+00  -7.9050e-06   1.7649e+00  -2.6640e-02   1.2344e+00
   1.6405e-02   1.6404e-02  -2.9885e-02  -2.9886e-02  -1.6308e-01  -1.6308e-01  -1.5263e-06  -3.9908e-01   1.2830e-01  -2.5722e-01  -1.6974e+00  -1.6974e+00  -2.0557e-05  -8.8247e-01   1.2621e+00  -1.0707e+00   2.2020e+00   2.2019e+00  -6.7079e-05   1.3107e-01   6.6477e+00  -7.1981e+00   1.3022e+00   1.3023e+00   1.8261e-35  -2.9919e-31  -2.7684e+02  -2.8757e-16   6.5795e-05   4.3652e+00  -1.1191e+00   3.5287e+00   1.0113e-07  -2.6640e-02  -3.1706e-01  -1.5792e-02
  -1.1298e-01  -1.1297e-01  -3.3755e-02  -3.3756e-02  -1.1190e-01  -1.1190e-01  -1.6528e-06  -4.3215e-01   2.5722e-01  -2.9647e-01  -1.5225e+00  -1.5225e+00  -1.3956e-05  -5.9907e-01   1.0707e+00  -7.9071e-01  -7.3164e+00  -7.3164e+00  -4.7275e-05   9.2376e-02   7.1981e+00  -6.4318e+00  -1.5218e+00  -1.5218e+00  -6.3323e-19   1.0375e-14  -2.8757e-16  -2.8532e+02  -9.4683e-05  -6.2817e+00  -3.5287e+00  -6.4394e+00   4.6860e-06  -1.2344e+00   1.5792e-02  -7.9616e-01
  -7.9126e-01   7.9117e-01   4.7329e-02  -4.7330e-02   1.3336e-02  -1.3334e-02  -3.1501e-01  -3.8338e-06   6.8521e-06  -4.6516e-06   4.7305e-02  -4.7308e-02  -1.0793e-01  -3.7846e-08  -2.9508e-06   1.6333e-06   7.9109e-01  -7.9115e-01  -3.1494e-01   4.0074e-06   6.7501e-06  -4.6505e-06   5.4880e+00  -5.4878e+00  -3.5712e+00   1.1713e-04   6.5795e-05  -9.4683e-05  -2.7680e+02   3.7595e-34  -1.1225e-34   2.2959e-19  -3.5718e+00  -1.7313e-04   1.0318e-04  -1.4205e-04
   1.7417e+00   1.7418e+00   1.0265e-01   1.0264e-01  -7.3830e-04  -7.3824e-04  -3.8338e-06   1.7871e-01  -8.8242e-01   5.9904e-01  -1.0630e-01  -1.0630e-01  -3.7846e-08  -1.0778e-01   1.1532e-02  -6.3828e-03  -1.7516e+00  -1.7516e+00   4.0074e-06   2.2463e-01   9.0887e-01  -6.2617e-01   5.5186e-02   5.5122e-02   1.1713e-04   4.1997e+00   4.3652e+00  -6.2817e+00   3.7595e-34  -2.7680e+02   7.6995e-31  -7.3056e-16  -1.7313e-04   3.9727e+00  -4.4961e+00   6.1899e+00
  -4.1202e-01  -4.1201e-01  -1.4539e-01  -1.4539e-01  -5.7663e-02  -5.7659e-02   6.8521e-06  -8.8242e-01   1.2621e+00  -1.0706e+00  -1.4265e-01  -1.4265e-01  -2.9508e-06   1.1532e-02   7.9118e-01  -4.9765e-01  -3.6720e-01  -3.6721e-01   6.7501e-06   9.0887e-01   1.2160e+00  -1.0547e+00   4.3141e+00   4.3143e+00   6.5795e-05   4.3652e+00  -1.1191e+00  -3.5287e+00  -1.1225e-34   7.6995e-31  -2.7680e+02  -1.1142e-15   1.0318e-04  -4.4961e+00  -8.9240e-01  -3.6888e+00
  -1.5257e+00  -1.5257e+00  -1.1224e-01  -1.1224e-01  -3.3275e-02  -3.3273e-02   4.6516e-06  -5.9904e-01   1.0706e+00  -7.9067e-01  -1.1219e-01  -1.1219e-01  -1.6333e-06   6.3828e-03   4.9765e-01  -2.9312e-01  -1.5255e+00  -1.5255e+00   4.6505e-06   6.2617e-01   1.0547e+00  -7.9050e-01  -7.3142e+00  -7.3141e+00   9.4683e-05   6.2817e+00   3.5287e+00  -6.4394e+00   2.2959e-19  -7.3056e-16  -1.1142e-15  -2.8528e+02   1.4205e-04  -6.1899e+00   3.6888e+00  -6.4403e+00
  -5.4940e+00   5.4937e+00   7.8944e-01  -7.8943e-01   4.7157e-02  -4.7150e-02  -3.5658e+00  -1.7165e-06  -1.3416e-04   9.4552e-05   1.3535e-02  -1.3536e-02  -3.1499e-01  -1.6032e-05  -2.7005e-05   1.8605e-05   4.7657e-02  -4.7661e-02  -1.0922e-01  -5.2043e-06  -2.9199e-06   3.3050e-06   7.8858e-01  -7.8852e-01  -3.1740e-01  -7.9050e-06   1.0113e-07   4.6860e-06  -3.5718e+00  -1.7313e-04   1.0318e-04   1.4205e-04  -2.7684e+02            0            0            0
   3.7593e+00   3.7597e+00   5.1446e-01   5.1444e-01  -7.4188e-02  -7.4187e-02  -1.7165e-06  -3.5642e+00   1.3067e-01  -9.2094e-02  -5.0947e-02  -5.0950e-02  -1.6032e-05   2.2462e-01   9.0897e-01  -6.2624e-01  -1.7781e-01  -1.7783e-01  -5.2043e-06   5.8132e-01   3.8743e-01  -4.3853e-01  -1.1891e+00  -1.1891e+00  -7.9050e-06   1.7649e+00  -2.6640e-02  -1.2344e+00  -1.7313e-04   3.9727e+00  -4.4961e+00  -6.1899e+00            0  -2.7684e+02            0            0
   2.1059e+00   2.1060e+00  -1.7113e+00  -1.7113e+00  -1.6124e-01  -1.6124e-01  -1.3416e-04   1.3067e-01   6.6478e+00  -7.1982e+00  -2.8576e-02  -2.8578e-02  -2.7005e-05   9.0897e-01   1.2161e+00  -1.0549e+00   2.0965e-02   2.0966e-02  -2.9199e-06   3.8743e-01   1.0815e-01  -2.4604e-01   1.3332e+00   1.3333e+00   1.0113e-07  -2.6640e-02  -3.1706e-01   1.5792e-02   1.0318e-04  -4.4961e+00  -8.9240e-01   3.6888e+00            0            0  -2.7684e+02            0
  -7.3164e+00  -7.3165e+00  -1.5227e+00  -1.5227e+00  -1.1190e-01  -1.1190e-01  -9.4552e-05   9.2094e-02   7.1982e+00  -6.4319e+00  -3.3738e-02  -3.3741e-02  -1.8605e-05   6.2624e-01   1.0549e+00  -7.9063e-01  -1.1297e-01  -1.1298e-01  -3.3050e-06   4.3853e-01   2.4604e-01  -2.9642e-01  -1.5220e+00  -1.5220e+00  -4.6860e-06   1.2344e+00  -1.5792e-02  -7.9616e-01  -1.4205e-04   6.1899e+00  -3.6888e+00  -6.4403e+00            0            0            0  -2.8532e+02
p = 18 q = 18
Iteration: 0
Fa
  -2.2142e+02  -1.6613e+00  -2.5172e-01  -7.6776e-01  -9.9659e-03  -2.5740e-02  -7.8956e-01   5.5811e-01   1.6976e+00  -1.5228e+00  -2.2314e-03  -5.6006e-03  -4.7334e-02   1.0634e-01   1.4271e-01  -1.1224e-01  -1.0052e-02  -2.5986e-02  -1.3541e-02   5.0964e-02   2.8585e-02  -3.3750e-02  -2.5189e-01  -7.6781e-01  -4.7661e-02   1.7830e-01   1.6405e-02  -1.1298e-01  -7.9126e-01   1.7417e+00  -4.1202e-01  -1.5257e+00  -5.4940e+00   3.7593e+00   2.1059e+00  -7.3164e+00
  -1.6613e+00  -2.2142e+02  -7.6775e-01  -2.5173e-01  -2.5740e-02  -9.9658e-03   7.8949e-01   5.5816e-01   1.6977e+00  -1.5228e+00  -5.5993e-03  -2.2313e-03   4.7326e-02   1.0634e-01   1.4270e-01  -1.1223e-01  -2.5981e-02  -1.0052e-02   1.3539e-02   5.0960e-02   2.8583e-02  -3.3748e-02  -7.6780e-01  -2.5191e-01   4.7653e-02   1.7828e-01   1.6404e-02  -1.1297e-01   7.9117e-01   1.7418e+00  -4.1201e-01  -1.5257e+00   5.4937e+00   3.7597e+00   2.1060e+00  -7.3165e+00
  -2.5172e-01  -7.6775e-01  -2.2142e+02  -1.6615e+00  -7.6790e-01  -2.5195e-01   5.4939e+00   3.7045e+00  -2.2020e+00  -7.3168e+00  -2.5973e-02  -1.0050e-02   7.9113e-01   1.7517e+00   3.6723e-01  -1.5256e+00  -5.6021e-03  -2.2324e-03   4.7652e-02   1.7781e-01  -2.0962e-02  -1.1297e-01  -2.5736e-02  -9.9647e-03   1.3542e-02   5.0221e-02  -2.9885e-02  -3.3755e-02   4.7329e-02   1.0265e-01  -1.4539e-01  -1.1224e-01   7.8944e-01   5.1446e-01  -1.7113e+00  -1.5227e+00
  -7.6776e-01  -2.5173e-01  -1.6615e+00  -2.2142e+02  -2.5193e-01  -7.6791e-01  -5.4939e+00   3.7042e+00  -2.2020e+00  -7.3167e+00  -1.0049e-02  -2.5977e-02  -7.9118e-01   1.7517e+00   3.6721e-01  -1.5256e+00  -2.2323e-03  -5.6027e-03  -4.7655e-02   1.7781e-01  -2.0963e-02  -1.1297e-01  -9.9647e-03  -2.5734e-02  -1.3542e-02   5.0222e-02  -2.9886e-02  -3.3756e-02  -4.7330e-02   1.0264e-01  -1.4539e-01  -1.1224e-01  -7.8943e-01   5.1444e-01  -1.7113e+00  -1.5227e+00
  -9.9659e-03  -2.5740e-02  -7.6790e-01  -2.5193e-01  -2.2133e+02  -1.6640e+00   7.8863e-01  -1.2229e+00  -1.3024e+00  -1.5220e+00  -7.6764e-01  -2.5186e-01   5.4882e+00  -5.4803e-02  -4.3139e+00  -7.3142e+00  -2.5736e-02  -9.9644e-03   7.8855e-01   1.1891e+00  -1.3331e+00  -1.5219e+00  -5.5015e-03  -2.1948e-03   4.7155e-02   7.0039e-02  -1.6308e-01  -1.1190e-01   1.3336e-02  -7.3830e-04  -5.7663e-02  -3.3275e-02   4.7157e-02  -7.4188e-02  -1.6124e-01  -1.1190e-01
  -2.5740e-02  -9.9658e-03  -2.5195e-01  -7.6791e-01  -1.6640e+00  -2.2133e+02  -7.8857e-01  -1.2229e+00  -1.3024e+00  -1.5220e+00  -2.5187e-01  -7.6767e-01  -5.4880e+00  -5.4803e-02  -4.3141e+00  -7.3142e+00  -9.9643e-03  -2.5735e-02  -7.8849e-01   1.1891e+00  -1.3331e+00  -1.5219e+00  -2.1948e-03  -5.5005e-03  -4.7148e-02   7.0036e-02  -1.6308e-01  -1.1190e-01  -1.3334e-02  -7.3824e-04  -5.7659e-02  -3.3273e-02  -4.7150e-02  -7.4187e-02  -1.6124e-01  -1.1190e-01
